   2.6798052e+00
   4.7902654e-01
   1.8258098e+00
   3.5269721e+00
   3.9793515e+00
   5.8482372e+00
   6.1435048e+00
   5.8808444e-01
   4.1578033e+00
   3.7873338e+00
   2.9770854e+00
   2.2384246e+00
   2.9881475e+00
   4.2161557e+00
   6.0296286e+00
   5.5973295e-01
   5.0123637e+00
   3.7119535e+00
   5.7315012e+00
   6.3541425e-01
   1.8428246e+00
   3.2413825e-01
   3.1675308e+00
   4.8278472e+00
   1.7780496e+00
   1.4159802e+00
   2.0815542e+00
   2.8478622e+00
   4.6331243e+00
   3.2037061e+00
   2.4034076e+00
   5.6893188e+00
   6.0648933e+00
   3.9475202e+00
   8.2957631e-01
   3.8849046e+00
   2.4065863e+00
   6.2278540e+00
   1.8021890e+00
   4.4371316e+00
   3.3627978e+00
   1.2139808e+00
   4.3318485e+00
   3.1701813e-01
   1.1588337e+00
   2.8687971e-01
   5.5608798e+00
   5.2765837e+00
   7.4239130e-01
   2.5787126e+00
   7.5541851e-01
   3.5945633e+00
   5.9651941e+00
   1.6109155e+00
   6.2195080e+00
   2.1979087e+00
   1.3101847e+00
   4.1835154e+00
   6.1157052e+00
   3.9125384e+00
   3.9922035e-01
   2.3468296e+00
   1.0445892e+00
   1.4531630e+00
   3.2803652e-01
   5.6659020e+00
   4.9843988e+00
   2.3437181e+00
   5.2279539e+00
   4.7364822e+00
   3.9072811e+00
   2.4761605e+00
   2.2574100e+00
   5.5827648e-01
   2.1468199e+00
   3.4473990e+00
   2.8937050e+00
   4.0554969e+00
   3.2265466e+00
   5.1171924e+00
   6.1062009e-01
   2.9135982e+00
   3.7059326e+00
   1.1760368e+00
   3.8411006e+00
   3.2636109e-01
   3.6173991e+00
   5.2926079e+00
   3.1398709e+00
   2.7584747e+00
   9.3655328e-01
   1.7768503e-01
   4.7542965e+00
   5.0020830e+00
   1.8444642e+00
   7.2386533e-01
   2.3567702e+00
   5.2080930e+00
   5.2890383e+00
   4.1798165e+00
   6.0327374e+00
   5.9257845e+00
   7.0811179e-01
   4.0733102e+00
   3.0209810e+00
   4.1796183e-01
   5.6408630e+00
   3.1241890e+00
   4.8462424e+00
   3.7926707e-01
   1.6490689e+00
   4.0907895e+00
   8.3945813e-01
   4.0121012e+00
   2.4186688e+00
   4.8110232e+00
   4.1023902e+00
   2.3969665e+00
   1.8850724e+00
   2.1371599e+00
   5.7737857e+00
   2.8668089e+00
   2.7802904e+00
   2.8537337e+00
   5.9393820e+00
   1.3767650e+00
   5.5443003e+00
   1.2488096e-01
   2.1473721e+00
   4.8130924e+00
   2.1538992e+00
   3.8880753e+00
   2.8464159e+00
   6.3853516e-02
   3.7641380e+00
   3.7797654e+00
   4.0804102e+00
   2.1533772e+00
   3.0994906e+00
   4.4093757e+00
   5.5782283e+00
   3.4593865e-01
   6.1802636e-01
   4.0827057e+00
   4.8007990e+00
   6.2075291e+00
   7.8743889e-01
   2.2900776e+00
   4.2488790e+00
   2.3609582e+00
   5.4252697e+00
   1.8345440e+00
   8.3864810e-01
   4.2263878e+00
   1.2728790e+00
   5.4570419e+00
   4.7196606e+00
   2.6350401e+00
   1.4518255e-03
   9.3910833e-01
   1.7205517e+00
   5.4816081e+00
   3.7777724e+00
   2.0180866e+00
   1.7862661e+00
   2.7351699e+00
   5.6784856e+00
   5.8126102e+00
   3.1748461e+00
   3.9432128e+00
   4.5192685e+00
   1.5024906e-01
   3.6124074e+00
   2.9238466e-01
   2.6548430e+00
   2.9388610e+00
   1.4217583e-01
   4.0887227e-01
   5.8053889e+00
   3.3561186e+00
   2.3046502e+00
   2.2867413e+00
   9.5110879e-01
   9.4001855e-01
   2.2041545e+00
   2.1109372e+00
   4.9261922e+00
   3.0582727e+00
   2.9204120e+00
   8.2468410e-01
   5.5693619e+00
   4.2383693e+00
   5.2474628e+00
   4.1248353e+00
   6.1821327e+00
   6.1562013e+00
   1.5717577e+00
   3.9242935e+00
   4.5756821e+00
   3.1300964e+00
   5.3396287e+00
   1.1995745e+00
   7.8001842e-01
   1.7532734e-02
   9.6103072e-01
   3.3562314e+00
   3.2084056e+00
   2.4203828e+00
   1.9515351e+00
   2.2339535e-02
   5.1223194e+00
   4.0113015e+00
   2.8169994e+00
   1.5336361e+00
   5.0478174e+00
   5.1771618e+00
   5.3544718e+00
   2.9358294e+00
   6.0990815e+00
   5.2856920e+00
   4.9353294e-01
   1.4928778e+00
   5.1369493e+00
   2.5498970e+00
   2.9299261e+00
   5.9786784e+00
   6.0633072e+00
   4.8084266e+00
   3.6099010e+00
   5.7549267e+00
   3.1128936e+00
   1.0430865e+00
   2.0483038e+00
   1.8625630e+00
   3.5078929e+00
   4.2396926e-01
   4.3340059e-01
   1.0479384e+00
   5.9529302e+00
   5.0962188e+00
   4.4639248e+00
   6.0962327e+00
   6.2733005e+00
   6.2043615e+00
   9.4302178e-01
   6.0222999e+00
   3.3329725e+00
   4.6549932e-01
   1.9592285e+00
   5.6245239e+00
   5.2450040e+00
   1.4757667e-02
   4.0225571e+00
   5.0465450e+00
   1.5402020e+00
   4.0289186e-01
   1.6534097e+00
   6.4541106e-01
   3.0392963e+00
   2.6319287e+00
   2.3957095e+00
   5.5717095e+00
   2.6424408e+00
   1.7834688e+00
   3.0273106e-01
   1.3770605e+00
   1.5027872e+00
   1.8383650e-01
   4.4127496e+00
   4.7975606e-02
   3.8385278e+00
   2.5641022e+00
   1.5641781e+00
   4.0995254e+00
   2.0123603e+00
   6.5139117e-01
   3.3650535e+00
   1.0359103e+00
   5.5508091e+00
   4.1874729e+00
   5.3265232e+00
   4.7919408e+00
   5.0706171e+00
   3.9769575e+00
   4.4637464e+00
   4.3270006e+00
   2.0165749e+00
   3.3404460e+00
   5.4864394e+00
   3.4268288e-01
   3.1441108e+00
   2.7191315e+00
   5.6817745e+00
   3.9595588e+00
   6.1765987e+00
   3.6769222e+00
   5.2818750e+00
   2.9456439e+00
   3.4257329e+00
   1.1253444e+00
   3.9864404e+00
   6.0504484e+00
   3.3553074e+00
   3.0135052e+00
   4.9867511e+00
   5.8253748e-01
   5.5342267e+00
   2.4338141e-02
   3.2140321e+00
   4.2629127e+00
   3.5546973e+00
   3.0062443e+00
   2.0138416e+00
   3.7798374e+00
   5.7375079e+00
   4.2883859e+00
   5.9485018e+00
   6.2259460e-01
   3.2108894e+00
   6.9195677e-01
   3.4259814e+00
   4.3277694e+00
   9.2624826e-01
   4.8855601e+00
   2.5073128e+00
   5.6441850e+00
   1.9292136e+00
   3.8359567e-01
   1.3789779e+00
   5.2045469e-01
   5.9715100e+00
   1.0285990e-01
   7.2048301e-01
   7.7973990e-02
   1.3585964e+00
   7.1801281e-02
   4.0366278e+00
   3.2483499e+00
   1.5427868e+00
   1.2173504e+00
   5.7095668e-01
   2.3149873e+00
   4.8964302e-02
   3.7868841e+00
   3.0087331e+00
   1.9359605e+00
   4.6774824e+00
   5.2737870e+00
   1.6489084e+00
   3.2310530e+00
   2.8071646e+00
   2.1438929e+00
   5.2724835e+00
   6.1731824e+00
   3.9361925e+00
   1.1389855e+00
   7.7293871e-01
   3.6440509e+00
   2.0642513e+00
   1.6850647e+00
   3.4572543e+00
   1.1342211e+00
   4.2630901e+00
   3.4990110e-01
   2.1398760e-01
   1.8002485e+00
   4.8625601e-01
   5.6584626e+00
   5.3193820e+00
   2.4862468e+00
   1.0632109e+00
   2.7046117e+00
   2.6151757e+00
   4.5789560e+00
   2.5539494e+00
   5.9803826e+00
   5.7301709e+00
   5.9779125e+00
   2.1739897e+00
   1.8236581e+00
   5.5713052e+00
   1.3196624e+00
   8.2232160e-01
   3.2704978e+00
   5.6891902e+00
   2.5291721e+00
   1.3556679e+00
   4.9473476e-01
   5.8625880e+00
   3.7879537e+00
   2.3718533e+00
   4.1778875e+00
   4.9774782e+00
   2.0953929e+00
   4.3521040e+00
   1.2806117e+00
   6.0237752e+00
   4.4725752e+00
   1.0487050e+00
   2.7820510e+00
   3.9772159e+00
   5.8431561e+00
   3.3258846e+00
   3.9362549e+00
   4.2777115e+00
   5.8006211e+00
   9.6028524e-01
   2.5492189e+00
   1.9633446e+00
   4.3598957e+00
   5.5963570e+00
   3.0829766e+00
   5.0631384e+00
   2.0510762e+00
   3.4549926e+00
   2.4428040e+00
   5.6349428e+00
   4.2481878e+00
   5.2049715e+00
   6.9170863e-01
   1.7544371e+00
   4.8232003e+00
   1.3575236e+00
   2.1401866e-01
   2.7429365e+00
   5.8864883e+00
   1.6467535e+00
   3.5798166e+00
   2.2591384e+00
   1.6863208e-01
   3.1442265e+00
   5.1962879e+00
   1.6272345e+00
   2.8830400e-01
   1.5486268e+00
   4.1515025e+00
   2.0697421e+00
   4.1437371e+00
   8.1707323e-02
   4.5117534e+00
   2.4574720e+00
   2.1051976e-01
   2.5510700e+00
   4.5006936e+00
   5.7889274e+00
   6.1827533e+00
   6.1790156e+00
   5.6316573e+00
   5.4393737e+00
   5.0325862e+00
   3.4870350e+00
   2.6318513e+00
   7.9873427e-01
   4.1131034e+00
   5.4284516e+00
   1.7253529e+00
   5.2789057e+00
   4.4456831e-01
   2.3800208e+00
   1.6849582e+00
   9.6083210e-01
   3.9646873e+00
   1.9878416e+00
   6.0262775e+00
   3.1332611e+00
   4.6408142e+00
   8.0146231e-02
   3.8035463e+00
   3.6219505e+00
   5.0729107e+00
   4.1152857e+00
   5.5180717e+00
   5.6697763e+00
   9.5650725e-01
   1.2100164e+00
   4.9698466e+00
   3.8142142e-01
   2.4493565e+00
   1.8847410e+00
   4.6129884e+00
   6.5476605e-01
   4.9798987e+00
   4.9180310e+00
   3.3451534e+00
   1.5918597e+00
   4.4582081e-01
   3.9320383e+00
   1.5507825e-01
   3.8982448e-01
   8.1437610e-01
   2.8312917e+00
   4.2244107e+00
   5.3791030e+00
   3.1318250e+00
   3.0652208e-01
   1.9718669e+00
   4.0314875e+00
   4.9410130e+00
   1.8167861e+00
   3.1281970e+00
   5.1423764e+00
   3.7393013e+00
   3.3704552e+00
   2.0789373e+00
   2.5867260e+00
   4.9888883e+00
   2.1564408e+00
   2.9066438e+00
   2.3111043e+00
   4.2698681e+00
   3.5674609e+00
   4.0952347e+00
   3.0857587e+00
   2.5035869e+00
   3.0001218e+00
   4.1838237e-01
   2.5825682e+00
   6.0889844e+00
   4.9054149e+00
   4.5805545e+00
   4.8107247e+00
   4.7537374e+00
   5.2984237e+00
   4.8390382e+00
   6.1491080e+00
   6.9969201e-01
   2.4886248e+00
   3.0917083e+00
   1.6216563e+00
   2.3226562e-01
   6.1222184e+00
   4.5642690e+00
   9.2969045e-01
   9.2924891e-01
   4.4285404e+00
   2.3938529e+00
   4.8010726e-01
   2.5813860e+00
   8.9843615e-01
   5.0197632e+00
   5.8449216e+00
   2.9653354e-02
   4.0843254e+00
   4.2633452e+00
   1.5935593e+00
   5.2978619e+00
   1.8469975e+00
   1.6876877e-01
   5.8626619e-01
   5.0132591e+00
   4.4698745e+00
   4.9222900e+00
   3.9202216e+00
   5.1862383e+00
   2.2005339e-01
   2.5476744e+00
   1.5687151e+00
   3.0215640e+00
   5.5344755e+00
   1.7635947e+00
   3.7645234e+00
   1.6478369e-01
   9.7514198e-01
   5.2396165e+00
   1.2245511e+00
   5.2137120e+00
   2.1241870e+00
   4.2167496e+00
   3.2902729e-01
   4.6137999e+00
   3.1383366e+00
   5.9269283e+00
   1.8206938e+00
   2.3659989e+00
   7.1474602e-01
   6.0623358e+00
   2.7175503e+00
   5.3132626e-01
   4.5030107e+00
   3.1842390e+00
   2.0614361e+00
   4.7345318e+00
   5.2527795e+00
   1.5941469e+00
   3.3578914e+00
   2.7342238e+00
   9.9088437e-01
   3.7729347e+00
   5.8901768e+00
   6.7706712e-01
   5.6547501e+00
   3.4586735e+00
   2.6851613e+00
   9.5743699e-01
   1.5553774e+00
   2.8109010e+00
   3.3475771e+00
   2.2283388e+00
   4.8576236e+00
   5.5397660e+00
   4.6124367e+00
   2.5536889e+00
   3.7961670e+00
   4.0281818e+00
   8.0089775e-01
   3.1176663e+00
   1.9507365e+00
   3.6352906e+00
   5.9288698e+00
   2.6825407e+00
   2.0815213e-01
   5.8398053e+00
   5.8118349e+00
   2.2513088e+00
   1.6335598e+00
   4.9439850e+00
   3.2143660e+00
   3.5344623e+00
   4.3026861e+00
   5.8054493e-01
   5.4825753e+00
   5.9246534e+00
   6.0691949e-01
   5.3148365e+00
   5.7139012e+00
   7.1258488e-02
   3.2903955e+00
   4.0862399e+00
   2.4199396e+00
   4.0796851e+00
   4.7931498e+00
   3.6171417e+00
   3.9704651e+00
   1.7480073e+00
   5.2768479e+00
   2.6818831e+00
   3.9686004e+00
   5.2368275e+00
   1.6976253e+00
   2.5183053e+00
   3.4824843e+00
   2.7888883e+00
   5.6790019e-01
   4.6770857e+00
   2.0492891e-01
   2.7001520e+00
   2.3412581e-01
   6.1311181e+00
   3.2819584e+00
   5.7153737e+00
   2.4080177e+00
   5.5571773e+00
   1.6023229e+00
   5.7117286e+00
   5.6206890e+00
   2.5039572e+00
   3.9271165e+00
   3.5663189e+00
   5.6203839e+00
   1.3456434e+00
   2.4247810e-02
   5.5328565e+00
   1.4773128e+00
   1.5385298e+00
   4.0270005e+00
   1.9133837e+00
   5.1875286e+00
   5.5523799e+00
   5.9399535e+00
   2.4554395e+00
   5.0348425e+00
   9.8717190e-01
   3.9280300e+00
   4.3918545e+00
   5.3953042e-01
   3.3374997e+00
   5.5830281e+00
   1.6566624e+00
   1.4752010e+00
   5.2757220e+00
   3.1135698e+00
   9.5734611e-01
   1.4499591e+00
   4.1340466e+00
   3.5371090e+00
   1.8336140e+00
   3.9100575e+00
   4.4981663e+00
   1.7638851e+00
   2.5903887e+00
   2.2758056e+00
   4.9096309e+00
   8.5129088e-01
   5.6678699e+00
   1.8198372e+00
   3.1388150e+00
   4.9234436e+00
   4.2541064e+00
   9.4129486e-01
   4.3769893e+00
   8.1061286e-01
   5.9435558e+00
   5.5694899e+00
   3.2358694e+00
   4.2688511e+00
   6.1373737e+00
   7.8829067e-01
   4.7264825e+00
   5.1965204e+00
   4.9098715e+00
   1.1993512e+00
   2.6932330e+00
   9.0834421e-02
   2.0438290e+00
   8.4635781e-01
   2.8306847e+00
   3.5957094e+00
   4.9764290e+00
   2.6372829e+00
   3.3460258e+00
   5.8163722e+00
   5.6490978e+00
   3.4232892e+00
   5.6619288e+00
   3.2563682e-01
   5.0805995e+00
   2.1042675e+00
   1.4368584e+00
   5.1673030e+00
   2.1880224e+00
   1.0396824e+00
   1.7676842e-01
   6.0027653e+00
   4.2743926e+00
   5.4070712e+00
   5.9004986e+00
   4.2737847e+00
   5.7643434e+00
   1.6128413e+00
   5.5645029e+00
   5.7807993e+00
   1.8853542e+00
   4.6112892e-01
   4.8217085e+00
   5.3377051e-01
   4.5789598e+00
   2.8141736e+00
   4.0919160e+00
   1.0650117e+00
   3.3391941e+00
   3.9822882e+00
   8.8567806e-02
   2.9554303e+00
   5.5689503e+00
   7.1646179e-01
   2.7805681e+00
   4.1440616e+00
   1.8521132e+00
   5.9713408e+00
   4.3623291e+00
   1.2994037e+00
   3.4856745e+00
   5.5246697e+00
   3.5051232e+00
   4.7270543e+00
   5.6228275e+00
   5.2894629e+00
   8.2219679e-01
   1.1884892e+00
   9.6534753e-01
   1.8159703e-01
   5.7082101e-02
   3.7476168e+00
   3.8267698e+00
   5.7737662e+00
   4.6091842e+00
   1.8921621e+00
   3.1137863e+00
   1.6220861e+00
   4.6046598e+00
   7.3362944e-01
   4.6875174e+00
   5.0880550e+00
   4.6824413e+00
   2.1183339e+00
   3.6714221e+00
   2.9465130e+00
   5.4830238e-01
   5.2069852e+00
   4.3099177e+00
   1.6796529e+00
   6.0914449e+00
   1.1546874e+00
   1.8845844e+00
   2.5835509e+00
   1.4859054e+00
   1.2255687e+00
   4.4320287e+00
