   1.0277334e+00
   5.5068273e-01
  -9.4943595e-01
  -5.3378598e-01
   3.5536486e-01
   1.3178213e+00
  -7.8096338e-02
  -1.2211937e-02
   1.1424962e+00
   1.1455015e+00
   3.5994043e-01
  -1.1539597e+00
  -5.1993866e-01
   6.2739743e-01
   9.5632552e-01
   5.3750722e-01
  -4.3860036e-01
   2.4539275e-01
  -1.3644519e+00
   8.2191439e-01
  -5.7605973e-01
   1.7622112e+00
  -4.2813593e-01
  -3.5630116e-01
  -4.4539296e-01
   2.0026256e+00
   4.8509100e-01
  -1.5418807e+00
  -1.2971325e+00
   1.0916286e+00
   2.6396505e-01
   6.6612294e-01
  -1.1767662e+00
  -6.8580094e-01
   3.3461349e-01
  -1.7567009e+00
   8.9926319e-03
   4.4793690e-01
  -9.8399702e-01
  -3.3615706e-01
   1.1583573e+00
   1.4542918e+00
  -1.0465204e+00
   3.8258647e-01
   1.4560276e-01
  -1.0996415e+00
   9.3456977e-01
  -5.2333181e-01
   6.1848449e-01
  -1.2428571e+00
  -2.1554479e-02
   6.8909964e-01
   4.8478058e-01
  -4.9788693e-01
   5.3973199e-01
  -7.4462520e-01
  -1.1180031e+00
   3.1473408e-01
   7.3764142e-01
   4.2091417e-01
  -9.6723371e-01
   5.9621952e-01
   1.5226965e-01
   2.8971865e-02
  -2.8875859e-01
  -2.5865244e-01
   1.0049611e+00
  -5.3875171e-01
  -7.5680454e-01
   1.7247615e-01
   5.0618167e-01
  -1.8093832e-01
   1.5953832e+00
   9.1087103e-01
   1.1787590e+00
   1.1491302e+00
  -2.5378949e-01
  -2.7693881e+00
   1.2574782e+00
  -5.1108193e-01
   1.9559963e+00
   2.8635224e-01
  -1.1185016e+00
  -1.3141833e+00
  -5.5301993e-01
  -1.4298897e-01
   5.0932601e-01
  -9.2818835e-01
   1.4086932e+00
   9.0902178e-01
  -3.9164358e-01
  -2.0870074e+00
  -7.1998509e-02
   2.6369685e-01
   8.1248335e-01
  -5.2490523e-01
  -7.8622294e-01
   6.9133593e-01
   8.9981043e-01
  -4.5525746e-01
   4.6364262e-01
  -1.3056210e-01
   9.6223084e-02
   5.2667528e-02
  -9.0805215e-01
  -9.5153728e-01
   1.3966685e-01
   3.9168627e-01
  -1.2394592e+00
   6.1780377e-01
  -8.5474535e-01
   1.1694002e+00
  -2.2822110e-01
  -5.7163833e-01
   9.3781223e-01
  -2.0548533e-01
   3.4464690e-02
  -1.8678897e+00
  -1.4788600e+00
   4.4217653e-01
  -7.8317577e-01
   2.3668698e-01
   4.3185348e-01
  -1.8344796e+00
   7.2248523e-01
   5.8989849e-01
  -4.7891014e-01
   8.0647091e-01
  -1.1734461e+00
   1.3012248e+00
  -2.0383079e-01
  -1.9089847e+00
  -1.4056592e+00
  -6.1614133e-01
   3.6932774e-01
  -1.1895357e+00
  -3.6127142e-01
   7.9109573e-01
  -6.1304054e-01
  -8.2612836e-01
   1.1670983e+00
  -5.1815857e-01
   1.9539483e-01
   2.6665011e-01
   2.9278861e-01
  -4.0070968e-01
  -4.7799938e-01
  -9.6670856e-01
   1.6418828e+00
  -9.2539113e-02
  -1.1806634e+00
   1.1492079e+00
   5.9528844e-01
  -1.0265402e+00
  -1.6215440e+00
   4.1811028e-01
   2.8602879e-01
   2.1543759e-01
  -2.1607110e+00
   5.5026605e-01
   4.7395708e-01
   1.1822556e+00
   2.7261413e-01
  -8.6131705e-01
  -8.7982267e-01
  -1.4212957e+00
   1.5951783e+00
  -4.2826360e-01
  -8.0283315e-01
  -1.5795499e+00
   1.2569920e+00
   8.6760888e-01
  -6.6646494e-01
   9.5567347e-01
  -5.8766865e-01
  -5.6022956e-01
  -3.9439074e-01
  -1.3072920e+00
  -8.8192623e-01
  -6.5335660e-03
  -3.7042970e-01
  -2.6067597e-01
   4.2886573e-01
   7.1224351e-01
   4.0877722e-01
  -9.0218237e-01
   8.4414198e-01
   5.8712822e-01
   2.4260528e-01
   2.1870955e+00
   2.5520696e+00
   1.4324713e+00
  -1.1309589e+00
   5.0677107e-01
   9.4248328e-01
   8.8286244e-01
  -9.7762990e-02
   2.5048378e+00
  -8.5420276e-01
  -2.4967198e-01
  -1.0701530e+00
  -6.8458476e-01
  -3.6815244e-01
  -4.0043373e-01
   9.8336906e-01
  -5.9763878e-02
   8.7437479e-02
   1.3875025e-03
   1.4510838e+00
   1.1352282e+00
  -1.0760471e+00
   5.3485712e-01
   7.9706154e-01
  -4.8122909e-01
  -1.1205384e+00
  -1.0404633e-01
  -2.0968344e-01
  -6.1226898e-02
  -9.6719178e-02
  -4.1816626e-01
  -1.6983068e+00
  -8.6332019e-01
  -4.3470423e-01
  -6.9017176e-01
  -1.5203830e+00
  -2.4062073e-01
   2.6092081e+00
   4.0208586e-01
  -8.4872045e-01
  -3.7271396e-01
   7.8497931e-01
   5.0184637e-01
   8.3596366e-01
   2.0164939e+00
  -1.2341601e+00
   1.4189156e-01
  -5.7354215e-01
  -3.0410626e-01
  -6.2652100e-01
  -6.3010477e-01
  -5.3972425e-01
  -2.2860983e+00
  -4.5964892e-01
  -1.0621699e+00
   1.1320946e-01
   1.8093125e-01
   5.0133707e-01
   2.5554186e-02
  -4.2891548e-01
  -8.6133373e-02
  -5.5287043e-01
   5.7448108e-01
   1.1560670e+00
  -7.5907649e-01
  -1.0002721e-01
  -5.2297719e-01
  -2.2894176e-01
  -3.0514544e-01
   1.6530267e+00
   9.6609140e-01
  -8.1728381e-01
   1.2566817e+00
   5.5603231e-01
  -9.6475268e-01
   1.0732873e+00
  -1.7983108e+00
   2.2617129e-01
   1.7720392e+00
  -1.3335287e+00
  -7.8240470e-01
  -1.1957187e+00
   2.6753303e-01
  -1.6975858e+00
  -8.9145956e-02
  -1.4943866e+00
   4.3166599e-03
  -1.4020598e-02
   3.1928469e-01
   1.4726470e-01
  -1.4113982e+00
   5.1621719e-01
   8.6933621e-01
   7.1747551e-03
   1.6961744e+00
  -1.1381635e+00
   1.6508705e+00
   1.0040549e-01
  -1.2510167e+00
  -7.1672004e-02
  -6.5794553e-01
   1.3287177e-01
   1.3715399e+00
  -2.0445110e-01
  -2.3134530e+00
   5.9345820e-01
  -4.0184994e-01
   2.6918786e-01
  -7.3651993e-03
   7.1770008e-01
   8.0094879e-01
  -2.5855029e-01
   5.3714501e-02
   8.8766585e-02
   1.5295696e-02
   9.2205376e-01
   6.2526177e-01
  -5.1658119e-01
  -1.0285955e-01
   3.7653056e-02
  -5.8571471e-01
   7.5227112e-01
  -1.2142797e+00
  -2.4350361e-02
  -8.7032922e-01
   1.3372804e-01
  -1.8872925e-01
  -1.2027704e+00
   9.4556559e-02
  -6.0226617e-01
   1.5919651e-01
   8.1833279e-01
   1.0454209e+00
   3.5882995e-02
   1.2875445e-01
   3.3444960e-01
   1.9090190e-01
   1.5097948e+00
   7.5002716e-02
   1.7506417e+00
  -6.8536076e-02
  -3.1470024e-01
  -1.4221570e+00
   6.2373390e-01
  -8.1773754e-02
   5.4632527e-01
  -8.1938694e-01
   1.6075218e+00
   8.4354922e-01
   3.8764166e-01
  -3.8935459e-01
   4.1530512e-01
  -1.7353620e-01
   1.2609901e+00
  -1.2204265e+00
  -5.4029080e-02
   1.4154889e+00
   2.0908932e+00
   1.5810453e-01
   4.5560848e-01
   2.2150942e-01
  -1.2647293e+00
  -7.3255364e-01
   6.4853606e-02
  -5.3955176e-01
   1.4749335e-02
   6.6040827e-01
   8.6110824e-01
  -1.3228161e+00
  -4.6328028e-01
  -2.7405711e-01
   1.3473223e+00
   3.6463146e-01
  -1.0051247e+00
  -5.9566234e-01
  -7.3162892e-01
  -3.9362161e-01
   9.3728848e-01
   1.6007612e-01
  -5.0468508e-01
   6.4043198e-01
   6.3904287e-01
  -2.3791838e+00
  -2.2754661e-01
   2.2430724e+00
   3.9206173e-01
  -8.2129305e-01
  -3.2990902e-01
   1.0622062e+00
  -3.5754110e-01
   5.9642084e-01
  -1.2370035e-01
  -1.5126928e-02
  -3.0058979e-01
  -3.5205854e-01
  -9.9175145e-02
   7.5752324e-01
   1.0015396e+00
  -7.3259238e-01
  -1.0147554e-01
  -4.1999795e-01
  -8.6075497e-01
   1.5482995e+00
   1.6450519e-01
  -8.8941433e-02
   2.0250044e+00
   2.8262567e-01
  -1.4446499e-02
  -2.0348451e-01
  -2.5187094e-01
  -1.0663386e+00
   2.5321157e-01
   1.8450453e+00
  -2.4480941e+00
   1.0653033e+00
   8.3129919e-01
   1.3153514e+00
   3.9239785e-01
   2.1880134e-01
   9.0104669e-01
  -7.8599596e-01
  -3.0327243e+00
   1.3843487e-01
  -4.8519309e-01
   1.1834477e+00
  -1.7501407e+00
  -1.2005512e+00
  -3.0267771e-02
   3.0693473e-01
   8.2776731e-01
   4.6068781e-01
   9.0498564e-01
   5.4332827e-02
  -2.4002224e-02
   8.1260097e-01
  -2.9828879e-01
  -1.8361763e+00
   1.9480205e+00
   9.4443545e-01
   2.6894777e-01
  -3.6600817e-01
   2.5284300e-01
   1.0062477e+00
   1.1287213e+00
   1.0767169e+00
  -9.5457388e-01
   6.1688696e-01
  -5.0892716e-01
  -6.6293799e-01
  -1.8338166e+00
   6.2919299e-01
   1.2687127e+00
  -2.1845484e+00
  -1.1623631e+00
   1.9217079e+00
  -4.6876496e-01
   1.2649592e+00
  -6.0685769e-01
   1.1837524e+00
  -5.7945050e-01
   5.6062379e-01
  -1.0844347e+00
  -1.1162988e+00
   8.6958598e-01
  -1.6599555e-01
   1.6767142e-01
   5.5394295e-01
   1.9389108e+00
  -8.4828084e-01
  -1.4228783e+00
  -6.9783105e-01
   1.3252515e+00
  -1.0947335e+00
   1.0391245e-01
   9.5318302e-01
   2.2796636e+00
   3.4512215e-01
  -6.2029713e-01
   2.9450667e-01
   2.0161105e-01
   2.0118288e+00
  -1.5639432e+00
   1.4527677e+00
   1.4292084e+00
   1.0877340e+00
   3.3356293e-01
   1.0238575e+00
  -1.8376733e+00
  -6.7635032e-01
   1.1036928e+00
   1.3314568e+00
  -9.6725534e-01
   7.5130156e-01
  -5.6374569e-01
  -1.6143026e+00
   1.6590987e+00
  -3.8378102e-01
   8.3527606e-01
  -1.8220622e+00
   1.3782344e-01
   2.1346439e+00
   1.4107659e-01
   1.2252127e+00
  -6.4996898e-01
   9.8352975e-01
  -3.3488800e-01
   7.4010547e-01
  -1.0669995e-01
   3.7439386e-01
   6.0972091e-01
  -7.8076874e-01
   1.4331239e-01
  -5.7362282e-01
   9.2715620e-01
   7.7072215e-02
   2.8201785e-01
   7.7473494e-01
   8.1462210e-01
   4.2333198e-01
   7.4864276e-01
  -7.6177813e-01
   2.0624165e+00
   1.7198198e+00
   2.4863616e+00
  -1.6097540e+00
   2.4667978e-01
  -3.2301005e-01
  -7.5856160e-01
   1.4479796e+00
   3.3906577e-01
  -2.0435382e+00
   7.0944003e-01
  -1.0303150e+00
   1.5352469e+00
  -1.2947110e+00
   3.2129116e-01
  -1.1760743e-01
  -2.0346324e-01
   5.8721199e-01
  -9.4082168e-01
   7.8190383e-02
   1.9799754e+00
   6.9681342e-01
  -5.4474931e-01
  -3.6894181e-01
   9.9265778e-01
  -1.6987150e-01
   1.5226879e+00
   7.4691030e-01
  -2.9678580e-01
   9.7253117e-01
  -1.4986441e+00
   1.3826886e+00
  -3.2358152e-01
   3.7185800e-01
  -5.5645326e-01
   2.9359640e-01
   1.7853386e+00
  -4.4252952e-01
   2.5085120e-01
  -7.7859087e-01
  -1.6151249e-01
   2.1322537e-01
   9.7019057e-02
   1.2270585e+00
   1.2906683e+00
   9.3552408e-01
  -6.1988034e-02
  -1.6753254e-01
