   3.1147217e-01
  -1.5310910e+00
  -8.7283366e-02
   2.9656659e-01
  -5.0196154e-01
   3.3483803e-01
   1.2732431e+00
   4.4360685e-01
   1.1035161e+00
   1.9212764e+00
   1.6630420e+00
   3.5132398e-01
   1.6305756e+00
  -1.5362317e+00
   3.9289158e-02
   6.3066760e-01
   3.4040399e-01
  -2.7180181e-01
  -2.1067345e+00
   3.6511907e-02
  -1.2498194e+00
  -6.1838478e-01
   8.3119009e-01
  -8.5002321e-01
   8.4307520e-01
  -7.6824240e-01
   1.9464174e+00
   1.0478513e+00
  -1.1142999e+00
   7.4086218e-01
   2.2696286e+00
  -2.6488482e+00
  -4.8722764e-01
  -1.2804448e+00
   3.3786665e-01
   8.7915723e-01
   1.9530471e-01
   7.4083740e-03
   3.3189421e-01
  -1.0639290e+00
  -1.0119263e+00
   7.7645349e-01
  -5.4008462e-01
   1.5081790e+00
   1.0147125e+00
  -9.5926939e-01
   3.7049304e-01
   7.2605916e-01
   1.9438611e-01
  -5.8855255e-01
   1.0400252e+00
   3.1086259e+00
   7.0700543e-02
   5.2166200e-01
   1.6170399e+00
  -4.5675649e-01
  -8.5010076e-01
   1.5671387e-01
  -2.1711186e+00
  -8.4986679e-01
  -9.0465406e-01
   1.0178386e+00
  -5.1293623e-01
  -9.0290094e-01
  -5.1296649e-01
  -5.5600808e-01
   1.2284372e+00
  -3.5975600e-01
  -9.7868020e-01
   7.2348947e-01
   3.9962264e-01
   7.6718031e-01
  -5.9946482e-01
  -1.3661750e+00
   2.7324115e-01
  -5.4929775e-02
  -5.2625552e-02
  -4.7261139e-01
   3.5454331e-01
   9.4028684e-02
  -1.8251896e-01
  -3.5849803e-01
  -2.4296102e+00
   1.2287271e+00
   7.6134034e-01
  -5.9030794e-02
   2.3125366e+00
   1.2193902e+00
  -5.3418245e-01
  -1.5906536e+00
  -1.0786839e+00
  -1.1539462e+00
   5.2480698e-01
   8.3188792e-02
   1.4683427e+00
  -1.1912019e+00
   2.9988324e-01
   2.0339361e-01
  -4.0841148e-01
  -1.2537027e+00
   1.0349469e+00
   2.0301310e+00
   8.8437760e-01
   6.7114745e-01
  -1.2084166e+00
   6.0934981e-01
   1.5005422e+00
   8.7597005e-01
   1.4935774e-01
  -2.8847804e-01
   5.8453239e-01
  -1.0157663e+00
  -1.3921606e+00
  -1.6931218e+00
  -2.9526952e-01
  -8.4449479e-01
   1.2027360e+00
  -1.6890500e-01
   8.3210820e-01
  -2.2296251e+00
  -6.2647213e-01
  -9.5545263e-01
   8.0160437e-01
   4.9347233e-01
   2.8890319e+00
   1.9846412e+00
   1.4732473e+00
  -4.1145440e-01
  -2.7134556e+00
   5.8967586e-01
  -6.6298090e-02
  -2.8514956e-01
   1.6934824e+00
  -3.0528759e+00
  -5.0285706e-01
  -2.0731144e+00
  -1.2730868e+00
   4.0675325e-01
   1.0016520e+00
  -2.9812281e-01
  -8.3469490e-01
   1.6493271e+00
   4.6649228e-01
   9.3053051e-01
   1.1099870e+00
   1.3409435e+00
   2.5729334e+00
   7.5233055e-01
   7.0797593e-01
   3.6913187e-01
   5.9675112e-01
  -1.9996841e-02
   8.5953981e-03
   2.4475943e-01
  -2.2756522e+00
   1.2096802e+00
   6.9998986e-01
   3.1359737e-01
   8.2206869e-01
  -5.4588352e-01
  -9.6681027e-01
   6.0270575e-01
   1.1538140e+00
   5.7567969e-01
  -2.9767919e-01
  -1.5260615e+00
   9.2286524e-01
   5.8898058e-01
   1.3635026e+00
   5.2944814e-01
  -3.8091083e-01
   4.7910413e-01
   2.3098045e-01
  -1.4222204e+00
  -3.9390964e-01
  -6.2850763e-01
  -5.1178061e-01
  -2.7057728e-01
  -9.3410904e-01
   2.4480795e-01
   3.3088914e-01
  -4.2251544e-01
  -4.1229293e-01
   1.8621545e+00
   1.4064748e+00
  -1.0813430e+00
   6.0636373e-01
  -4.7759091e-01
  -3.7941816e-01
  -7.4906997e-01
  -1.4850859e+00
   1.1905076e+00
  -1.9303139e+00
  -1.2291323e-01
   2.2575685e-01
  -1.6586112e+00
   8.4435837e-01
   1.9534632e-01
  -1.8120413e-01
  -5.1518293e-01
  -2.9578347e-01
   6.4384475e-01
  -1.8825410e+00
   4.6140878e-01
  -1.4320158e+00
  -1.0697638e-01
   1.1140628e+00
   1.0382575e+00
  -8.9085937e-01
   3.0692158e-01
  -1.2781398e+00
  -7.0951197e-02
   1.2712536e+00
  -1.8636018e+00
   1.7429525e+00
   7.2671571e-01
  -1.3272840e+00
   1.7800341e+00
   6.4987019e-01
   9.0242833e-01
   3.0364259e-01
  -4.4153907e-02
   1.1639628e+00
  -1.1468061e+00
  -1.7075536e+00
  -1.9748947e-01
  -4.5874796e-02
  -1.0010385e+00
   2.2688069e-01
   6.9851266e-01
   9.6544045e-01
   1.3140925e+00
  -1.6566112e-01
  -4.6646403e-01
  -1.4083637e-01
  -4.1449345e-01
  -8.5291447e-02
   1.0180422e+00
  -8.8556020e-02
  -2.6912634e-03
  -1.4240030e+00
  -9.1996500e-01
   1.9581902e+00
  -4.5269472e-01
  -2.2467498e+00
  -2.4478289e-01
  -1.2233457e+00
  -7.3665783e-01
   4.5612893e-01
   1.4031737e+00
   1.1844029e+00
  -1.6980611e+00
   1.7556123e+00
  -1.6619224e+00
   1.7207524e+00
  -8.9145738e-01
  -2.5264038e-01
   2.6869682e+00
   6.2371841e-01
   1.8775344e+00
   2.6958646e-01
   2.4458825e+00
   2.4512987e-01
  -3.4136931e-01
  -2.1345966e+00
   1.3318091e+00
   5.0027958e-01
  -2.4796347e-01
   1.7015712e+00
   1.7245307e+00
  -9.9039490e-01
  -2.9582811e-01
  -1.3097497e+00
   9.4677301e-01
  -2.7383693e-01
   3.5000440e-01
  -4.5099830e-01
   9.3015933e-01
   2.4467244e-01
   3.7984443e-01
   1.3243017e+00
  -1.6034640e-01
  -2.2662823e+00
   9.3046864e-01
   4.6879237e-01
   5.1928879e-01
   5.3642289e-01
   8.2740168e-01
   1.2195680e+00
   1.0785078e-01
  -6.8918081e-01
   1.2869712e+00
  -4.3814058e-01
  -9.0359021e-01
   8.9327689e-01
   9.8926344e-01
  -4.9375235e-01
   1.1085127e+00
   3.1397743e-01
   1.8984340e+00
   9.9482174e-03
  -2.4166537e-02
   7.4987903e-02
   2.2165658e+00
  -4.7985882e-01
  -2.3299553e-01
   3.2366453e-01
   4.9631167e-01
  -1.0928019e+00
  -5.2860849e-01
  -1.6137808e+00
  -7.8802094e-01
  -1.5327541e-01
  -5.6569348e-01
  -2.1950106e+00
  -2.3892055e-01
  -1.1735585e+00
  -1.0243865e+00
   2.4311868e-02
  -2.2478353e-01
  -1.0290868e-01
   1.5651311e-01
   1.7281640e-01
  -5.8114483e-01
   1.0851151e+00
   1.9996380e+00
  -1.2963699e+00
  -1.2227464e+00
  -1.8556410e-01
  -2.1573013e+00
  -5.6943844e-01
  -2.2750598e+00
  -9.3374217e-01
  -1.3124017e+00
   2.6599597e-01
  -3.8280419e-01
   3.4479620e-01
   7.9693459e-01
   9.3181768e-01
  -1.1804510e+00
   1.1751492e+00
  -2.3443928e-01
   1.3002394e+00
   1.0851546e+00
  -4.5224597e-01
   1.8315411e+00
   1.1523255e+00
   2.8881086e-01
  -4.2626546e-01
   3.2004214e-01
   1.6424274e+00
  -7.8933851e-01
  -9.2502402e-01
   3.4886105e-01
   4.4174021e-01
   7.9433720e-01
   5.6734419e-01
  -1.0198975e+00
   2.1631870e+00
   7.3864819e-01
   3.9889889e-01
   5.2136905e-01
   5.5997400e-01
   8.6321272e-01
   5.9880989e-01
  -4.5306198e-01
  -8.1080506e-01
  -1.5015045e+00
  -9.8894613e-01
  -7.1425299e-01
   1.5805310e+00
   9.5174077e-01
   6.7133315e-01
   1.3588310e+00
   8.7480587e-01
  -4.0605398e-01
  -1.1332710e+00
   6.3021385e-01
   1.6018221e+00
  -1.6712484e+00
  -1.0209680e+00
  -1.7237164e+00
  -8.4682831e-01
  -1.1018661e+00
   1.6699498e+00
  -7.1008674e-01
  -9.7067890e-01
   6.8924357e-01
   1.1433338e+00
  -1.2612761e+00
  -7.3185674e-01
  -6.5652974e-01
  -4.0317865e-01
  -1.1328765e-01
  -2.0016368e-01
  -8.6560013e-02
   2.0660815e-01
   7.1665475e-02
   1.2991876e-02
   7.7639405e-01
  -5.4624320e-01
   2.0747261e-01
   7.9131769e-02
  -1.8642335e+00
   3.0189050e-01
  -6.3519876e-01
   1.5972204e-01
  -5.1722668e-01
   1.0582584e+00
  -9.2733126e-01
  -1.0122943e+00
  -6.0425681e-01
  -4.3346072e-01
   5.4545469e-01
  -2.6702417e-01
  -1.9055693e+00
   1.1856835e+00
  -3.5366991e-01
   1.0261048e-02
  -5.0538338e-01
   3.9151801e-01
  -2.7578263e-01
  -7.3930076e-01
  -5.3639002e-01
   2.4090855e+00
  -1.0003617e-01
  -4.3339303e-01
  -6.3052566e-01
   4.2858102e-01
  -3.3146374e-01
   6.0939196e-01
   2.9882157e-01
  -1.7094561e-01
  -9.1920473e-01
   8.6229657e-01
   7.3724959e-01
  -2.9491907e-01
  -1.1483825e+00
   1.7275170e+00
   1.3182487e+00
   1.0737785e+00
  -1.1412313e-01
   1.3373217e+00
   1.2045148e+00
   2.5522868e-01
   2.5814828e-02
  -5.3596830e-01
  -4.9938134e-01
  -1.3317173e+00
   1.7480791e+00
   7.7788218e-01
   3.1837755e-01
  -1.7138133e+00
   1.2419565e+00
  -1.4917769e-01
   3.4052415e-01
   1.1068059e+00
   7.5160476e-01
   1.4977765e+00
  -1.5406681e+00
  -2.4388433e+00
  -7.6306518e-01
   2.5479182e-01
  -1.0608981e+00
  -4.2699881e-01
  -2.8687769e-01
   7.0830899e-01
  -5.0158098e-01
  -2.7076574e-01
   1.5529781e-01
   4.4631839e-01
  -8.6892793e-01
  -5.6863361e-01
  -9.7179488e-01
  -1.4615853e+00
   4.9541793e-01
  -8.5306171e-02
   5.5774932e-01
   1.8937155e-01
   1.7544049e+00
  -6.3118196e-01
  -2.3761521e-01
   1.4684129e+00
   1.0587306e+00
  -2.3669331e+00
   9.2789415e-01
   1.5806013e+00
   1.7097198e-01
  -2.6462039e-01
   3.3284225e-01
  -1.1375361e+00
   5.1110442e-01
  -1.3216350e+00
  -1.9924564e-01
   7.2702592e-01
   4.6659292e-01
  -2.3449512e+00
  -1.4754956e-01
  -6.1865017e-01
  -4.3230441e-01
  -2.0354738e-01
  -7.0634893e-01
  -3.4990018e-01
  -5.8630585e-01
  -4.2069351e-01
   7.9795387e-01
  -4.1624840e-02
  -6.1496595e-01
  -3.0869495e-01
   6.3913558e-01
   6.6689908e-01
   6.7526284e-01
   6.0679339e-01
  -4.2142258e-01
   1.0587489e+00
  -2.3408326e+00
  -3.7397689e-01
   1.8003582e-01
   1.0231542e+00
  -1.7415623e-01
  -9.8028426e-02
   4.7583832e-01
   1.6001294e+00
  -6.5135308e-01
  -7.3850583e-02
   3.7981878e-01
   5.2248422e-01
   2.2336301e-01
   6.9325008e-01
  -1.2358146e+00
  -1.7182229e-01
  -5.0065874e-01
   9.5217512e-01
   1.8573810e-01
  -1.2815882e+00
   5.2752823e-01
   1.0620077e-01
   5.0968988e-01
  -6.4312238e-01
  -9.5767025e-01
   6.8202935e-01
   4.6810856e-02
  -3.6117536e-01
  -1.2091558e+00
  -9.1703848e-01
   9.7922723e-01
   2.1277333e-02
  -2.8809105e-01
  -1.1755815e+00
   7.3360854e-01
  -1.2337756e+00
   1.9081406e-01
  -6.5803398e-01
  -7.3834506e-03
  -6.1019049e-01
  -1.5438026e+00
  -9.5089317e-01
  -1.0777113e+00
   2.5754350e+00
   8.9664794e-01
  -8.2299133e-01
   1.5353374e+00
   1.8024508e+00
  -4.9183548e-01
  -7.7724580e-01
  -2.5273122e+00
  -2.9770873e-01
  -5.7644050e-01
   1.6771226e+00
  -8.1269984e-01
   9.1879130e-01
  -1.7008702e+00
  -4.6108632e-01
  -4.4190016e-01
   2.3881045e-01
  -7.9622489e-02
  -1.8115824e+00
  -4.4875918e-01
   1.5300090e-01
  -1.5145294e+00
  -1.0772249e+00
   1.0484437e+00
   5.1634374e-01
   1.0829793e+00
  -6.7054738e-01
  -2.0540134e+00
  -2.5493462e-01
  -3.3943355e-01
   3.3167449e-01
   1.0306923e+00
   7.2460293e-01
   1.2312282e+00
   1.1344397e-01
   3.1564740e-02
   5.8437584e-01
   9.1478060e-01
  -2.9549741e-01
   8.4169821e-01
  -7.1835701e-01
  -3.5098495e-01
   3.2575777e-01
   8.7373295e-02
  -2.4528017e+00
   1.4987112e+00
   8.5484575e-01
   7.2261234e-01
  -2.0606517e-02
   9.8902122e-02
  -1.0665998e+00
   2.5487133e-01
   5.1420163e-01
   5.1533574e-01
  -7.1719937e-01
  -3.3984656e-02
   1.1272730e-01
  -1.1086944e-01
  -2.0434205e+00
   5.9951703e-01
   3.8809574e-01
   4.8476323e-01
  -4.9418466e-01
   7.6666187e-01
  -3.7808622e-01
  -9.7405597e-01
  -9.3416487e-01
   1.2705630e+00
  -6.3373430e-01
  -7.6660336e-01
   8.1574785e-01
  -1.2257540e+00
  -2.6256802e-01
  -2.7754508e-01
  -8.0452503e-01
   9.6435423e-01
   1.7681025e-01
   7.6957781e-01
  -8.3443489e-01
  -3.7334701e-01
   8.7952889e-01
  -1.4719185e+00
  -2.7082637e-01
  -3.3140641e-02
   5.3181385e-01
   3.5187460e-01
  -1.1447207e+00
  -1.8122798e+00
   3.7961733e-01
  -4.4409321e-01
   1.4766295e-01
   1.0809422e+00
  -5.6569748e-02
   1.7397682e-01
   1.1837885e+00
   9.2700095e-01
   6.5326817e-01
  -8.2669853e-01
  -1.5296904e-01
  -5.4273094e-01
   4.1408279e-01
   7.5003157e-01
  -1.3190984e+00
  -2.7643399e-01
   2.4351606e-01
   3.0104485e-01
   6.8323091e-02
  -1.7247676e+00
  -3.0264553e-01
   7.5804035e-01
   1.9627494e+00
   7.4993979e-01
  -1.5567090e+00
   3.9958458e-01
