   2.3289851e-02
   9.8968149e-03
   2.4316980e-02
   3.1815760e-02
   1.0529501e-02
   5.2963718e-03
   7.8719578e-03
   4.3526201e-02
   2.3913089e-02
   7.3065678e-03
   4.8248861e-02
   1.4804944e-02
   6.1949278e-03
   1.0839744e-02
   2.4456637e-03
   1.9245587e-02
   5.0794969e-03
   3.7835120e-02
   2.4405083e-02
   7.5247429e-03
   1.0485830e-03
   3.9078674e-02
   1.1308411e-02
   1.5558892e-03
   1.6140238e-03
   1.5894156e-02
   2.0873779e-02
   1.6043693e-02
   9.3764873e-03
   9.3184749e-04
   7.0690607e-03
   2.5136011e-02
   2.0720629e-02
   8.5392538e-03
   1.5533736e-03
   3.5818605e-02
   1.5945263e-02
   8.8500148e-03
   1.2581822e-02
   3.0675925e-02
   5.4670808e-02
   3.3487815e-03
   9.5773033e-03
   2.8253078e-02
   1.9499761e-02
   5.7943797e-03
   2.3308165e-02
   1.8174112e-02
   4.8115007e-03
   1.3080927e-02
   2.5499091e-02
   1.1023812e-02
   1.7481774e-03
   6.9564064e-03
   1.9879251e-02
   8.5687235e-03
   2.0083706e-02
   1.2653758e-02
   2.0914200e-02
   1.0114140e-02
   6.6390744e-03
   3.2708250e-02
   3.8136804e-02
   8.0797442e-04
   1.3943867e-02
   3.3760515e-03
   3.0875927e-02
   3.1036048e-02
   1.7341556e-02
   2.9074598e-03
   7.7248333e-03
   2.6324082e-02
   1.5929285e-02
   2.7088274e-03
   8.3561286e-03
   1.6397593e-02
   1.7087068e-02
   7.1463718e-03
   5.4969331e-02
   3.0259540e-02
   8.6795807e-03
   4.5953547e-03
   1.6541728e-02
   1.6639652e-02
   9.9579900e-03
   4.6312522e-02
   1.5876514e-02
   1.0819191e-02
   1.1181227e-02
   3.9531321e-02
   1.0893208e-02
   2.7581112e-03
   1.2397513e-02
   1.1165567e-04
   2.2143985e-02
   3.7118022e-03
   2.2428356e-02
   4.9289903e-03
   3.1220745e-02
   2.3932434e-02
   4.8469056e-03
   2.0096563e-02
   3.8402516e-02
   1.2508916e-02
   1.5059208e-02
   4.2696737e-03
   1.5404681e-02
   1.4269305e-04
   1.8637305e-03
   1.8705024e-02
   1.3270358e-02
   7.0046533e-03
   3.2397549e-02
   1.0166619e-03
   1.6253941e-02
   8.7683987e-03
   1.7172200e-02
   3.9043187e-03
   1.7777243e-02
   1.3844364e-03
   4.9736426e-02
   3.3312862e-02
   8.3185589e-03
   1.6844921e-03
   1.7850390e-03
   2.9122944e-02
   4.3890704e-03
   2.2975450e-03
   1.3720494e-03
   1.5029897e-02
   1.3788541e-02
   9.0162717e-03
   3.1300493e-02
   1.5759185e-03
   1.8835839e-02
   1.3057230e-02
   5.6505848e-03
   2.2501581e-02
   1.9779482e-02
   3.0317175e-02
   4.4570210e-02
   3.0304336e-03
   2.3254887e-02
   3.6387257e-03
   4.6790708e-03
   2.0934681e-02
   3.1666378e-02
   4.9882684e-03
   2.5880380e-02
   7.2396028e-03
   5.2610502e-03
   2.1642889e-02
   1.9648682e-02
   2.2288793e-03
   2.5919016e-02
   3.5625900e-02
   1.3122975e-03
   5.1136173e-03
   8.0927631e-03
   7.0351351e-03
   1.6150221e-02
   5.1118098e-03
   1.4302266e-02
   2.0971946e-02
   3.5509711e-03
   3.0659537e-03
   2.5086490e-02
   2.3456017e-02
   2.9228836e-02
   2.4885760e-02
   3.1019875e-03
   3.2298276e-02
   4.4921303e-02
   1.4785623e-02
   4.1352907e-02
   2.3091012e-02
   2.1438376e-03
   3.4257582e-02
   9.1978908e-03
   2.1820002e-02
   3.2776051e-03
   1.3448094e-03
   2.0031849e-02
   1.1113229e-02
   2.7031127e-02
   7.2842265e-03
   9.0441521e-03
   1.5667319e-02
   2.4744733e-02
   2.1543964e-02
   6.9682247e-04
   1.0079747e-02
   2.4480379e-02
   2.3701817e-03
   1.9189470e-02
   6.8186088e-03
   3.4663666e-03
   1.2326010e-02
   1.7278387e-02
   2.8338283e-02
   3.9990392e-03
   3.9165371e-03
   3.0226481e-03
   1.7855683e-02
   7.2838038e-03
   1.6523774e-02
   5.5202261e-03
   9.1959460e-03
   4.3501334e-03
   1.5922459e-02
   3.0360451e-02
   2.1498341e-02
   6.1443315e-02
   1.0428144e-02
   1.9820473e-02
   5.0625148e-03
   2.0185305e-02
   1.0202411e-03
   8.8086558e-03
   1.6969388e-02
   4.8074168e-03
   1.2058589e-02
   3.0325073e-02
   1.3669700e-03
   1.5647857e-02
   2.8414518e-02
   1.3387303e-02
   1.3664733e-02
   1.7642724e-02
   3.0090175e-02
   8.6627880e-03
   1.6165114e-02
   1.1578760e-02
   1.5256983e-02
   2.3642541e-02
   1.1676954e-02
   1.1600194e-02
   1.1227344e-02
   3.1117930e-02
   2.2004169e-02
   3.5011660e-03
   2.0072226e-02
   3.0220163e-02
   2.2744781e-02
   1.2860368e-02
   2.5520088e-04
   1.8285195e-02
   2.2153892e-02
   1.6409429e-02
   1.6352237e-02
   2.5297044e-03
   5.2828581e-03
   6.3170561e-02
   2.4532345e-02
   4.6412706e-02
   8.2899572e-03
   4.2366313e-03
   1.2263338e-02
   1.0555539e-02
   2.4832025e-02
   3.1526137e-03
   2.7472036e-02
   1.7416763e-02
   3.1370666e-02
   3.6885058e-02
   5.7681962e-03
   1.9018223e-02
   1.8214642e-02
   3.2389834e-03
   9.7780353e-03
   4.4556402e-03
   5.4413299e-03
   2.3370618e-02
   2.4484686e-02
   4.1989574e-02
   7.8048526e-03
   1.3285635e-02
   1.4045280e-02
   1.0026551e-02
   1.0806275e-02
   1.9815020e-02
   1.9787562e-02
   1.3776824e-02
   1.7136752e-02
   9.6780035e-04
   1.3297068e-02
   2.9054839e-02
   2.7596915e-02
   1.9027284e-03
   8.5425413e-03
   1.0216156e-02
   1.3125472e-02
   2.5003355e-03
   1.0609334e-02
   2.1117280e-03
   2.2567008e-02
   1.4849561e-02
   2.2872063e-02
   1.8294285e-02
   3.5960334e-03
   1.9666956e-02
   7.6965714e-03
   6.5139526e-03
   2.5926207e-02
   2.1984590e-02
   1.3064461e-02
   1.0101468e-02
   9.5198761e-03
   4.1031228e-02
   8.9660908e-03
   3.1023931e-02
   1.8596516e-02
   1.8038799e-02
   2.7657490e-03
   7.5681552e-03
   2.8612851e-03
   3.2100773e-02
   2.6982321e-02
   8.9688422e-03
   3.3682264e-03
   2.2409934e-02
   8.0146182e-03
   1.4781253e-02
   1.8000894e-02
   3.0624365e-02
   1.0092416e-02
   1.7284293e-02
   7.5310990e-03
   1.5760208e-02
   5.9641128e-03
   3.2748367e-03
   1.2134651e-02
   3.2689974e-02
   1.2469874e-02
   2.7002003e-02
   2.3244820e-02
   1.8885584e-02
   1.3424219e-02
   1.1533623e-02
   4.1715402e-02
   4.7192777e-03
   1.5568427e-02
   2.1991239e-02
   1.7111286e-02
   1.5115247e-04
   1.8751715e-02
   1.3631194e-02
   5.2027886e-03
   4.5759073e-03
   1.0496260e-02
   2.2566370e-02
   1.1002785e-02
   3.7102947e-02
   5.5459759e-03
   2.1332615e-02
   4.1984777e-02
   1.2769675e-02
   7.4293091e-03
   7.4835860e-03
   1.3906967e-02
   1.7552575e-02
   2.0672113e-02
   8.3958264e-03
   1.2021385e-02
   1.3480366e-02
   2.1903569e-02
   5.3523345e-03
   3.7310074e-03
   1.9018893e-02
   1.5810375e-02
   9.7895596e-03
   5.9489477e-02
   1.2451707e-02
   3.8406060e-02
   1.9222979e-02
   1.1156063e-02
   2.1311030e-03
   4.3032249e-03
   9.4697938e-03
   2.7312819e-02
   3.2756074e-02
   4.0474577e-02
   1.5555786e-02
   1.0978038e-02
   2.5202272e-03
   5.9916081e-03
   5.9234237e-03
   2.4015658e-02
   2.1803457e-02
   7.1740645e-03
   2.5985526e-03
   1.4674750e-02
   2.4066314e-03
   2.2726626e-02
   1.3735462e-02
   9.4336573e-03
   5.7668493e-03
   2.7837097e-02
   2.6910040e-02
   1.4948124e-05
   1.0698962e-03
   4.6838104e-02
   2.4961903e-02
   5.6184637e-02
   4.6436972e-03
   5.7406429e-03
   9.2920898e-03
   7.6863555e-03
   7.5965505e-03
   2.0355646e-03
   3.2363023e-02
   1.6944598e-02
   1.1517664e-02
   1.5182626e-03
   2.6494318e-03
   2.8786193e-02
   4.0625258e-02
   1.9564032e-02
   1.2820473e-02
   1.0409513e-02
   7.6139999e-03
   3.9857039e-02
   3.2717405e-02
   1.1180378e-02
   1.1272752e-02
   6.7679324e-03
   1.5272947e-02
   2.2548847e-02
   2.8314233e-03
   3.8562682e-02
   1.3412758e-02
   2.2022247e-03
   7.4192452e-03
   2.1931894e-02
   7.9632621e-03
   1.7092510e-03
   4.7465748e-02
   9.4784204e-03
   1.8926817e-02
   1.6363232e-02
   3.1779418e-02
   1.0520240e-02
   4.9303951e-02
   1.7050559e-02
   1.0234708e-02
   5.1554982e-03
   3.9248948e-02
   2.8126298e-02
   9.9366746e-03
   1.6566112e-03
   3.0969557e-02
   3.7263193e-02
   2.6805324e-03
   3.0920051e-02
   8.6656479e-03
   2.0590844e-03
   1.1406922e-02
   9.8612431e-03
   1.4150264e-02
   2.6960501e-02
   3.5086031e-02
   7.2761791e-03
   1.2541880e-02
   8.8030051e-03
   3.0052823e-02
   4.1647089e-03
   3.0102509e-02
   3.6194816e-02
   2.3394514e-03
   2.4524180e-02
   9.8988629e-03
   1.8171897e-02
   2.3084377e-02
   2.5151110e-02
   2.9050648e-02
   4.1536230e-02
   3.5297601e-03
   1.3041644e-02
   3.1306761e-03
   1.7004516e-02
   5.5809184e-03
   1.1941875e-02
   4.8943342e-03
   2.3669302e-03
   2.5788158e-02
   1.1512728e-03
   1.0418658e-02
   2.5580538e-02
   1.1245446e-03
   4.1936057e-03
   3.8420312e-03
   1.9846646e-02
   1.1524884e-02
   2.6115675e-02
   1.4586117e-02
   1.7291494e-02
   1.8984198e-03
   2.7664278e-02
   2.6073627e-02
   2.5162436e-03
   1.1937476e-02
   3.0412927e-02
   1.3436832e-02
   4.5688580e-04
   2.3555772e-02
   6.6915633e-03
   3.6589104e-02
   8.5997919e-03
   3.4798692e-03
   3.2624848e-02
   2.7188560e-02
   1.9410134e-02
   2.8727962e-03
   1.6520718e-03
   1.4333280e-02
   2.3869677e-02
   2.1421238e-02
   2.6378044e-02
   2.4200063e-02
   2.1482298e-02
   1.3451202e-02
   1.4729244e-02
   2.1399214e-02
   6.6943024e-03
   8.2376519e-03
   3.0824038e-03
   1.1091414e-02
   2.3456914e-02
   2.0151734e-02
   2.2704056e-03
   1.4601017e-02
   1.9670236e-02
   1.0406311e-03
   1.7551987e-02
   2.0282821e-02
   1.6869682e-03
   3.7070632e-02
   2.1936414e-02
   4.3725526e-03
   1.5884917e-02
   9.2624839e-03
   1.2252600e-02
   4.4887996e-02
   1.4469522e-03
   1.7310288e-02
   8.3139293e-03
   2.2298762e-02
   1.3705049e-02
   2.0753464e-02
   3.6444231e-02
   1.0579770e-02
   3.2559335e-02
   3.2346049e-02
   5.2827348e-03
   2.2542924e-02
   1.1183517e-02
   1.6176903e-02
   2.3220086e-02
   1.1842105e-02
   4.8549533e-03
   4.8095497e-03
   1.6430008e-02
   1.9862243e-02
   6.9278945e-03
   5.2226705e-03
   3.6942581e-03
   2.0347000e-03
   1.7740863e-02
   1.4827542e-02
   2.7844157e-02
   4.9478006e-02
   1.0078385e-02
   1.6449611e-02
   4.0196374e-03
   2.0141051e-02
   1.2263431e-02
   1.3179268e-02
   1.6664587e-02
   7.5635859e-03
   2.2306852e-02
   1.3344827e-02
   1.5906656e-02
   2.0749837e-02
   4.0862385e-04
   1.2379062e-02
   3.6061270e-02
   1.0598662e-03
   3.5578017e-03
   3.5449651e-02
   5.0176072e-02
   9.1317837e-03
   4.8607551e-02
   9.4290817e-03
   1.1206570e-02
   2.4529347e-02
   1.5859007e-02
   4.2198809e-02
   1.5987903e-02
   1.1339502e-02
   2.8857977e-05
   1.2478493e-02
   2.5288166e-03
   1.3617356e-02
   2.5748318e-02
   4.3616971e-03
   3.1331341e-02
   1.5665639e-02
   6.2113982e-03
   1.3106488e-02
   1.0749347e-02
   6.5728681e-03
   2.1081439e-02
   3.9593986e-02
   3.7347764e-02
   3.6647113e-02
   1.6971842e-02
   8.1037452e-03
   1.4049121e-02
   2.9980920e-02
   2.7558973e-03
   3.1736428e-02
   2.0382910e-02
   2.7704675e-02
   1.9097729e-02
   1.2022406e-02
   2.3437816e-02
   1.1542206e-02
   1.6728610e-02
   1.7059391e-02
   9.5466236e-03
   6.0464015e-03
   8.3155238e-03
   8.5949659e-04
   1.8977065e-02
   1.0832167e-02
   1.6422565e-02
   2.1438101e-02
   2.1481833e-02
   1.7391056e-02
   1.9621028e-02
   3.5176507e-02
   2.9619192e-03
   5.0388349e-03
   1.2207693e-02
   1.5219596e-02
   5.0885900e-03
   3.0566735e-03
   1.1148218e-02
   1.3540353e-02
   1.6985949e-02
   9.3861437e-03
   4.7956341e-03
   1.8419709e-02
   1.8137628e-02
   2.8888121e-03
   2.7928181e-02
   3.7939752e-03
   1.6876718e-02
   3.8868761e-02
   4.9384308e-03
   8.8323831e-03
   1.6072230e-02
   5.7521887e-03
   9.3403619e-03
   9.1232191e-05
   6.5218072e-03
   2.4091734e-02
   2.8082317e-02
   4.1112711e-03
   3.9823916e-02
   5.6817868e-04
   3.8610308e-02
   1.8822736e-02
   1.3848903e-04
   6.7648329e-03
   1.0565316e-02
   2.1137992e-02
   2.9481233e-04
   3.2295225e-02
   1.6317099e-02
   3.9955182e-02
   1.4963828e-02
   3.9860804e-03
   7.4552016e-03
   1.6947423e-02
   2.6744761e-02
   3.2326345e-02
   9.8363519e-03
   1.9386031e-02
   9.4821584e-03
   1.3323277e-02
   9.5674937e-03
   2.0821163e-02
   1.6413182e-02
   2.0225921e-03
   2.1679651e-02
   3.7090545e-02
   3.5995056e-02
   1.7567486e-02
   1.2954655e-02
   2.0991301e-02
   2.6461868e-02
   1.0347179e-02
   4.8629899e-04
   3.2473375e-03
   1.2113222e-02
   5.4341953e-03
   7.1728682e-03
   7.0463025e-03
   2.6471986e-03
   5.3471636e-02
   1.5132151e-04
   1.4206059e-02
   9.2507873e-03
   1.0557558e-02
   6.9157413e-03
   1.1291155e-02
   1.6030783e-02
   3.7058936e-02
   1.0643203e-03
   8.7283043e-03
   5.6001494e-03
   1.6921177e-03
   1.4582381e-02
   1.8015062e-02
   2.6512766e-02
   3.0491577e-02
   1.0048667e-02
   6.1278285e-03
   1.8783209e-02
   2.4748043e-02
   6.6023829e-04
   2.4713664e-03
   5.4787876e-03
   1.5083316e-02
   3.0489950e-02
   5.2395152e-03
   3.4613670e-02
   2.0269286e-02
   1.8554722e-02
   2.4873606e-02
   1.1789774e-02
   2.9829635e-02
   1.6119562e-02
   2.2251981e-02
   1.9138791e-02
   2.7261032e-02
   1.3611699e-02
   8.7564725e-03
   2.8653509e-03
   6.8306501e-03
   4.1156213e-02
   7.4907007e-03
   3.8040639e-03
   1.8774648e-02
   1.6269247e-02
   1.1672375e-02
   3.4190507e-02
   7.8083964e-03
   1.3801307e-02
   8.9644140e-03
   1.4287527e-02
   2.6314625e-02
   1.2542442e-02
   2.6625897e-02
   2.6169630e-03
   3.6537923e-02
   1.0718449e-02
   1.3857294e-02
   1.3750995e-02
   6.3515151e-03
   3.2568468e-03
   2.3182318e-02
   2.5677612e-03
   2.0789163e-02
   2.3354228e-03
   1.2965938e-02
   7.5962410e-04
   3.9864964e-03
   1.7633397e-02
   1.1228814e-03
   1.6824777e-02
   3.0968768e-03
   2.3771893e-02
   8.2981456e-03
   1.3172335e-02
   1.9679813e-02
   2.0245499e-03
   7.2541165e-03
   1.4776557e-02
   2.9596848e-02
   3.0674350e-03
   6.3403494e-03
   6.3783650e-03
   2.9130932e-02
   2.6436690e-02
   9.7440788e-03
   3.1332525e-02
