   3.5734971e+00
   2.8939442e+00
   4.2477473e-01
   2.4077992e+00
   4.6520850e+00
   3.2818805e+00
   3.1212305e+00
   5.2162928e+00
   1.0540805e-01
   1.6591289e+00
   8.9159106e-01
   2.0716009e-01
   1.8178124e+00
   5.6163268e+00
   1.0248156e+00
   6.2139362e+00
   8.2499719e-01
   2.9361298e+00
   2.3257798e+00
   4.1315816e+00
   5.4887703e+00
   1.8527578e+00
   1.7142103e+00
   5.0825318e-01
   1.1708454e+00
   4.7752796e+00
   5.7152420e+00
   4.0502852e+00
   3.2512299e+00
   4.4082517e+00
   2.8320955e-01
   5.5936143e+00
   4.2261946e+00
   1.0359277e+00
   3.1577058e+00
   3.3415202e+00
   3.9207236e+00
   6.0605626e+00
   3.5762269e+00
   3.6296199e+00
   5.8904095e+00
   3.8679423e-01
   4.1405980e+00
   6.2453670e-01
   3.8243793e+00
   5.0538944e+00
   2.0304346e-01
   3.2794015e+00
   1.8701772e+00
   4.1509749e+00
   3.7555689e+00
   3.8672300e-01
   5.5993474e+00
   5.9899750e+00
   1.1364787e+00
   4.6209842e-01
   6.2079865e+00
   2.6886125e+00
   4.7688271e+00
   5.8004233e+00
   5.4796649e+00
   6.0529984e+00
   1.8645999e+00
   4.4613047e+00
   5.6617644e+00
   5.4927648e+00
   5.2062556e+00
   2.2122732e-01
   5.6934192e+00
   3.9454163e+00
   3.5977273e+00
   4.6381655e+00
   3.1932501e+00
   5.4338658e+00
   8.8114366e-01
   4.1289070e+00
   3.7258897e+00
   3.2255777e+00
   1.5369923e+00
   6.1167162e+00
   5.7567442e+00
   4.0966968e+00
   6.9430356e-01
   3.2334935e+00
   3.0225426e+00
   4.2833651e-01
   2.4431735e+00
   5.0592410e+00
   4.9427031e+00
   7.5383915e-01
   2.5885240e+00
   5.0144013e+00
   1.5878870e+00
   3.6912415e+00
   2.3080294e-01
   4.2828084e+00
   5.1950628e+00
   4.3976682e+00
   2.2102486e+00
   3.0734038e+00
   1.7852227e+00
   1.6711422e+00
   4.8061747e+00
   3.6717636e+00
   3.3838500e+00
   6.2245932e+00
   4.8327622e+00
   3.6825628e+00
   4.9690776e+00
   3.4489966e+00
   4.8016059e-01
   2.9802187e+00
   5.3389953e+00
   2.5326223e+00
   1.4878430e+00
   3.4022729e+00
   2.3179123e+00
   4.7659312e+00
   4.8320016e+00
   2.1759197e+00
   6.0786859e+00
   2.2356021e+00
   1.2138765e+00
   5.7212093e-01
   1.9681124e+00
   6.0214516e+00
   4.0115894e+00
   1.3077823e+00
   2.0930682e+00
   2.1552311e+00
   5.6224640e+00
   3.1677310e+00
   3.5325540e+00
   4.9595981e+00
   2.2049476e+00
   1.3834319e+00
   5.1700071e+00
   4.7778561e-01
   5.1638784e-01
   1.9460040e+00
   5.3752373e+00
   2.9800981e+00
   2.0372420e+00
   2.8905405e+00
   4.2359640e+00
   3.6069371e+00
   5.2956271e+00
   4.7640071e-01
   1.6326850e+00
   4.3200610e+00
   2.7174731e+00
   2.0340334e+00
   2.8947920e-01
   1.9500060e+00
   2.6805497e+00
   3.8677522e+00
   1.5269061e+00
   5.3075109e+00
   5.5467796e+00
   5.8324053e+00
   3.5351321e+00
   1.9037152e+00
   4.8389752e+00
   3.1869585e+00
   3.8489861e+00
   4.3138869e+00
   5.2719344e-01
   4.4868713e+00
   1.8747704e+00
   1.4651846e+00
   1.9945604e+00
   1.7719733e+00
   1.5743383e+00
   7.7625389e-01
   4.1980734e+00
   1.7491807e+00
   1.5555177e+00
   3.5736714e+00
   3.2262730e-01
   5.1721037e+00
   2.3213509e-01
   1.6786831e+00
   1.8987149e+00
   4.1613822e+00
   3.9317502e+00
   4.4757684e+00
   1.7331198e+00
   6.2585855e+00
   1.8877597e+00
   3.1495432e+00
   8.3140594e-01
   5.6395352e+00
   1.4950305e+00
   4.2153957e-01
   2.2972825e+00
   6.2141052e+00
   1.3321896e+00
   1.8066334e+00
   3.1704282e+00
   3.9619777e+00
   2.4704435e+00
   4.2723180e+00
   8.1702476e-01
   4.4131953e-01
   2.8515400e-01
   3.4804320e+00
   5.5971632e+00
   3.6806506e+00
   3.3398017e+00
   4.0466238e+00
   2.5604399e+00
   1.6422656e+00
   3.8277811e+00
   3.9759136e+00
   4.7706507e+00
   1.4695998e+00
   1.8141148e+00
   1.4261470e-01
   1.8311537e+00
   2.2247667e+00
   4.0817476e+00
   3.8176741e+00
   4.7511432e+00
   5.5566201e+00
   5.6266094e+00
   4.9056661e-01
   3.3041458e+00
   2.8365707e-01
   5.0052646e+00
   1.9781422e+00
   1.4797363e+00
   1.6803598e+00
   8.9462395e-01
   1.2180086e+00
   5.2363159e+00
   4.6816282e+00
   4.6737759e+00
   1.6709649e+00
   7.1262836e-01
   3.0775490e-01
   1.7349105e+00
   4.1303126e+00
   3.9376784e+00
   3.6072271e+00
   1.2588886e+00
   2.5721730e+00
   1.7863958e+00
   5.2406962e+00
   4.7585810e+00
   5.4406597e+00
   2.6196778e+00
   4.6653500e+00
   4.3941763e-01
   6.0221437e+00
   4.3177468e+00
   1.6338196e+00
   4.6220731e+00
   3.0072481e+00
   5.4750101e+00
   2.0266582e+00
   3.5250133e+00
   1.5447213e+00
   8.4501559e-01
   1.4929572e+00
   2.2850244e+00
   4.3233876e+00
   2.4516683e-01
   4.3274433e+00
   1.6387658e+00
   5.3821095e+00
   3.4313371e+00
   2.8933987e+00
   9.5922839e-01
   1.6071669e+00
   2.4607832e+00
   6.0608015e+00
   3.2636365e+00
   7.5953566e-01
   5.7484529e+00
   2.8689484e+00
   5.6842895e+00
   1.8340634e+00
   4.9146374e+00
   3.5127357e-01
   1.3385937e+00
   4.8791701e+00
   4.3781873e+00
   5.7043953e+00
   3.8257230e+00
   3.4215512e+00
   4.7319783e+00
   5.5119815e+00
   5.6157452e+00
   5.3773476e+00
   4.2929504e+00
   2.5611172e+00
   3.0068366e-01
   1.4980857e+00
   8.7708148e-02
   2.3982914e+00
   5.6996217e+00
   1.9075476e+00
   5.4495945e+00
   9.2471322e-01
   1.9472383e+00
   2.6279047e+00
   1.3205729e+00
   4.8220611e+00
   1.5239597e+00
   5.5677897e+00
   1.8695187e+00
   1.1980649e+00
   4.5497769e+00
   6.0118168e+00
   5.6640844e+00
   4.4019019e+00
   5.1111957e+00
   5.4439069e+00
   5.5808078e+00
   1.4479682e+00
   3.9362619e+00
   1.5327344e+00
   2.7814412e+00
   4.9183869e+00
   4.4976884e+00
   1.5370770e+00
   4.6359370e+00
   5.7039502e+00
   5.2919027e+00
   6.1039023e+00
   8.9761266e-01
   5.3841369e+00
   4.7881126e+00
   4.7768642e+00
   2.8866092e+00
   2.4132711e+00
   6.7499432e-01
   2.8618138e+00
   9.2517716e-01
   1.8446901e+00
   2.3902336e+00
   5.8090969e+00
   1.2155946e+00
   4.1158039e+00
   2.4770119e+00
   1.2157086e+00
   1.9939910e-01
   5.0379980e+00
   1.9686811e+00
   4.6931773e+00
   3.7110646e+00
   1.8625162e+00
   5.1239580e+00
   5.6078215e+00
   3.7044578e+00
   5.1219803e+00
   3.4879706e+00
   5.1181194e+00
   2.4098476e-01
   5.3311912e+00
   7.1933586e-01
   9.4985591e-01
   4.5743756e+00
   1.2690402e+00
   4.6370439e+00
   5.4485975e+00
   1.3134306e+00
   4.5789327e+00
   3.8534774e+00
   3.2230993e+00
   6.0276813e+00
   1.1588930e+00
   1.2612722e+00
   4.1413774e+00
   4.6439344e+00
   2.3522226e+00
   6.1328896e+00
   2.2123887e-01
   2.0624335e+00
   4.0900982e+00
   2.4724551e-01
   8.5213825e-01
   1.5000437e+00
   5.3995147e+00
   5.7458365e+00
   4.7800024e-02
   1.5468043e+00
   3.8310447e+00
   6.1858813e+00
   6.1531937e+00
   3.8905146e+00
   5.9584575e+00
   2.3484081e+00
   1.4298354e+00
   3.5700009e+00
   3.5190944e+00
   1.7662192e+00
   5.4801887e+00
   5.3132915e+00
   4.0713703e+00
   4.5469435e+00
   1.6759784e+00
   7.6649224e-01
   9.4783575e-01
   4.1965767e+00
   2.1146097e+00
   3.8810309e+00
   4.8715145e+00
   4.6051745e+00
   4.6262060e+00
   3.7636686e-01
   1.4266011e+00
   2.9297203e+00
   5.6483192e+00
   3.4195648e+00
   3.5900214e-01
   4.9919446e+00
   4.8685205e+00
   3.1982746e+00
   1.6180333e-01
   6.1294202e+00
   1.5228457e+00
   5.6612239e+00
   2.8172784e+00
   3.9454588e-01
   6.2366349e-01
   2.3153422e+00
   3.2266081e+00
   2.3880588e+00
   1.0660078e-02
   4.5086682e+00
   2.1681762e+00
   4.1242000e+00
   1.0639632e+00
   3.9028058e+00
   2.6679113e+00
   4.2542409e+00
   1.1234975e+00
   5.5760482e+00
   1.0048986e+00
   6.1478171e-01
   4.7842618e+00
   5.6176461e+00
   1.5565162e+00
   3.7525272e+00
   4.8140067e-01
   1.6747676e+00
   5.3176361e+00
   4.2980532e+00
   3.0625464e+00
   2.2417365e+00
   1.3404205e+00
   1.4378337e+00
   4.8052673e+00
   2.4890433e+00
   5.1689205e+00
   3.2988477e+00
   6.4552782e-01
   3.0399647e-01
   5.8991609e+00
   3.8624963e+00
   6.2322749e+00
   2.9956837e+00
   6.1742196e+00
   3.5944008e+00
   1.4608216e+00
   7.3524129e-01
   8.1917909e-01
   4.6610183e+00
   8.6904787e-01
   1.1759113e+00
   2.4911305e+00
   2.1111220e+00
   2.8822104e+00
   6.4663675e-01
   1.0710797e+00
   4.0300265e+00
   4.9491550e+00
   2.3396049e+00
   1.9264058e+00
   5.6400252e+00
   4.5514983e+00
   2.5553929e+00
   1.1709534e+00
   3.2411333e-01
   5.9311008e+00
   2.6428337e+00
   3.7456846e+00
   3.2266933e+00
   5.6286502e+00
   1.1676210e+00
   5.8748857e-01
   3.5535098e-01
   2.9931059e-01
   4.2896536e+00
   2.9876870e+00
   5.8246015e+00
   2.5846699e+00
   5.4664074e+00
   4.4610627e+00
   5.9210648e+00
   3.0170050e+00
   2.7307426e+00
   3.2174467e+00
   3.2954676e+00
   2.9471346e+00
   6.0227023e+00
   5.3790247e+00
   1.9197275e+00
   4.5259191e+00
   5.3697249e+00
   1.9332766e+00
   9.8522081e-01
   4.8447498e-01
   4.7003960e+00
   3.3565586e+00
   2.8520587e+00
   4.9789650e+00
   1.3746145e+00
   1.9258574e+00
   4.5963856e+00
   2.8898001e+00
   2.5449595e+00
   1.5813852e+00
   3.6514400e+00
   5.0788711e+00
   3.1688423e-01
   9.3460111e-01
   3.0876202e+00
   5.6026827e+00
   1.9667655e+00
   1.7770492e+00
   4.0659817e-01
   3.8022761e-01
   3.6385086e+00
   5.2587936e+00
   2.1827373e+00
   2.1892433e+00
   2.6092136e-01
   2.4587259e+00
   5.4431643e+00
   1.5870976e-01
   1.0768012e+00
   5.2208718e+00
   8.0618634e-02
   2.9322975e+00
   5.2252446e+00
   5.6565366e+00
   3.1859091e+00
   5.2698931e+00
   3.5666927e+00
   4.8629413e+00
   1.9648839e+00
   6.7602337e-01
   4.3641901e+00
   4.6605605e+00
   2.4939886e+00
   2.1776624e+00
