   3.1491938e+00
   5.1328146e+00
   2.1583181e+00
   3.1323953e+00
   7.4156655e-01
   3.6160779e+00
   3.2387574e+00
   2.2322692e+00
   5.4245813e+00
   2.1615099e+00
   2.8706704e+00
   1.4959568e+00
   4.8453605e+00
   1.7178513e+00
   3.2986856e+00
   3.3370843e+00
   5.4876347e+00
   5.8911964e+00
   3.0610095e-01
   6.1502640e+00
   3.9730206e+00
   4.5637170e-01
   1.3309295e+00
   2.2612381e+00
   2.6809175e+00
   4.7635679e+00
   5.7538318e+00
   3.9567741e+00
   6.0061541e+00
   4.7445491e+00
   3.3056540e+00
   5.3414049e+00
   5.1272735e+00
   8.3020023e-01
   4.7797709e+00
   3.8781860e+00
   2.4984912e+00
   5.2858678e+00
   2.4076982e-01
   6.0447967e-01
   5.9571020e+00
   2.4882395e+00
   3.3443014e+00
   5.6777531e+00
   2.1365044e+00
   4.1713794e+00
   4.5701444e+00
   1.4012358e+00
   3.4900206e+00
   2.8603112e+00
   3.8344052e+00
   3.4179902e+00
   3.2569289e+00
   1.7972910e+00
   5.5230214e+00
   5.8844734e+00
   5.0655623e+00
   6.0889402e+00
   3.2938652e+00
   7.0917643e-01
   4.0855435e+00
   1.1993719e+00
   5.3842866e+00
   5.9241206e+00
   6.4997604e-01
   1.8625808e+00
   5.0204789e+00
   2.7753757e+00
   3.0945980e+00
   1.8545558e-01
   3.5980245e+00
   3.5968859e+00
   4.6601843e+00
   4.8132695e-01
   4.9459128e+00
   1.2157649e+00
   3.3359172e+00
   5.8064787e+00
   6.1955755e+00
   6.1279491e+00
   1.9149192e+00
   4.7352498e+00
   1.2965674e+00
   5.4122146e+00
   4.1333568e+00
   6.4217770e-01
   3.6471679e+00
   6.0537754e+00
   5.3084914e+00
   4.7319102e+00
   4.4173923e+00
   1.5495821e+00
   2.5095982e-01
   2.9035427e+00
   7.3748141e-01
   1.0154882e+00
   2.6374037e+00
   4.1853262e+00
   6.1145094e+00
   1.7570955e+00
   3.3388405e+00
   5.8477144e+00
   1.0471708e+00
   4.9590023e+00
   6.4695036e-01
   5.5519651e+00
   3.2813157e+00
   6.1206168e+00
   4.7507428e+00
   4.5400417e+00
   1.6343748e-02
   1.2919092e+00
   1.6359479e+00
   5.0237022e-01
   4.6202004e+00
   5.1688666e+00
   2.1575870e+00
   8.5538091e-01
   4.1839067e+00
   5.2178156e+00
   4.2324848e+00
   8.7624736e-01
   2.3802395e+00
   4.2622801e+00
   3.2416530e+00
   6.1453032e+00
   1.6821639e+00
   5.4469593e+00
   2.3483711e+00
   8.5847376e-01
   5.1956631e-01
   4.6421661e+00
   2.3377710e+00
   2.3908544e+00
   1.8986138e+00
   1.8505577e+00
   1.6324568e+00
   2.9120994e+00
   6.2068589e+00
   2.4195031e+00
   5.9265153e+00
   1.0492995e+00
   5.8119719e+00
   4.7396415e+00
   5.3821730e+00
   3.7849061e+00
   6.7460564e-01
   2.8618166e+00
   4.1129085e+00
   3.6149126e-01
   1.3359860e-01
   1.8208780e+00
   5.8526541e+00
   3.2296789e+00
   5.4996622e+00
   2.3756693e+00
   5.5575498e+00
   3.3600833e+00
   5.6083884e+00
   6.4568165e-01
   1.3323233e+00
   4.4083189e+00
   2.2704342e+00
   8.7695341e-03
   2.4146805e+00
   2.0115172e+00
   2.4714619e+00
   1.1388350e+00
   1.3155527e+00
   3.7304819e+00
   3.7351423e+00
   1.0836627e+00
   5.8622217e+00
   3.5322038e-01
   1.2674702e+00
   3.1934419e+00
   4.7702877e+00
   9.1767236e-01
   5.8501041e+00
   2.6511779e+00
   3.5499204e-01
   4.2361263e+00
   1.7580901e+00
   4.9014314e+00
   6.0497098e+00
   4.3243698e+00
   3.1316813e+00
   6.2223930e-01
   1.8079944e+00
   3.3810592e+00
   7.1188812e-02
   1.7771580e+00
   3.7043857e+00
   1.0810102e+00
   1.0687583e+00
   4.2495871e+00
   3.5788674e+00
   3.4662480e+00
   6.0786110e+00
   3.9484913e+00
   2.0392060e+00
   3.2736381e+00
   5.4345574e+00
   6.2461663e+00
   5.2683769e+00
   2.1827607e+00
   4.7086811e+00
   5.9025049e+00
   4.1976820e+00
   3.0234858e+00
   1.7980156e+00
   3.7394742e+00
   2.1137084e+00
   6.0290340e+00
   2.7776393e+00
   6.0444004e+00
   4.2498436e+00
   4.4364179e+00
   6.0173610e+00
   5.9054210e+00
   5.2386531e+00
   9.7540999e-01
   5.2177592e+00
   2.9162797e+00
   1.8767147e+00
   3.2880243e+00
   5.2252881e+00
   3.3874685e+00
   1.6325717e+00
   2.2244890e+00
   1.1733103e+00
   2.2032412e+00
   1.1920367e+00
   5.2508010e+00
   2.4136916e+00
   5.9688516e-02
   1.9416594e+00
   5.2574379e+00
   1.7676914e+00
   4.9093248e+00
   3.3396025e+00
   9.6707342e-01
   3.3002662e+00
   1.7796481e+00
   4.4916363e+00
   4.6143040e+00
   2.8251453e+00
   1.1440263e+00
   8.5162562e-01
   1.7138746e+00
   3.9938659e+00
   5.0654281e+00
   4.1963970e+00
   1.8006927e+00
   8.9498673e-01
   1.5448797e+00
   4.3473171e+00
   4.5079871e-01
   3.1331787e+00
   6.1952067e+00
   5.6856584e+00
   3.6141366e+00
   4.8161701e+00
   4.6920783e+00
   4.3688961e+00
   4.2557098e+00
   1.7743704e+00
   3.6559843e+00
   3.8884893e+00
   5.1160203e+00
   1.0044966e-01
   1.3468171e+00
   6.2069537e+00
   5.1354814e+00
   3.9714865e+00
   4.2860588e+00
   5.0781761e+00
   1.7571690e+00
   4.1781251e+00
   1.8424883e-01
   3.4204414e+00
   3.3236181e+00
   5.4862530e+00
   1.1787777e+00
   5.8525394e+00
   6.1346023e+00
   2.0810188e+00
   3.9188807e+00
   3.3116202e+00
   2.8844943e+00
   2.2529343e+00
   2.1002775e+00
   5.2273117e-01
   2.4529673e+00
   1.5038424e+00
   3.0553370e+00
   4.3988179e+00
   8.6249493e-01
   5.1928474e+00
   5.8436967e+00
   5.2070673e+00
   3.0470481e+00
   4.1454525e+00
   2.8676526e+00
   2.6292746e+00
   2.1548977e-01
   5.8235549e+00
   2.7256493e-01
   2.9911738e+00
   2.4237245e+00
   3.3555875e+00
   6.2716762e+00
   5.6704126e+00
   9.2711530e-02
   4.9041199e+00
   3.0491635e+00
   2.4518231e+00
   5.1716277e+00
   5.4941275e+00
   6.2728559e+00
   1.2293717e+00
   5.4661759e+00
   1.9320268e+00
   2.5838748e+00
   5.1292167e+00
   2.3138128e+00
   2.6779905e+00
   5.7313212e-01
   4.1940148e+00
   4.5949447e+00
   1.8900978e+00
   2.1236991e+00
   4.6138835e+00
   6.1918066e+00
   4.3905078e+00
   5.6505824e-01
   2.9577311e+00
   3.9921028e+00
   3.3003647e+00
   8.8806187e-01
   1.7311148e+00
   6.2021494e+00
   4.9951217e+00
   5.8643162e+00
   2.1888893e+00
   1.3140244e+00
   4.2748626e+00
   2.2331936e+00
   2.7543797e+00
   5.7100217e+00
   5.2376002e+00
   2.4591370e+00
   4.6117267e+00
   1.8262709e+00
   1.8355487e+00
   1.8648260e+00
   1.5608954e-01
   5.7669702e+00
   4.3104544e+00
   1.4720112e+00
   3.1249588e+00
   4.9673704e+00
   2.3890720e+00
   1.3734001e+00
   4.5406399e+00
   4.8558502e+00
   4.3560234e+00
   3.8935316e+00
   4.7896913e+00
   3.2137255e+00
   2.0697156e+00
   8.4449877e-03
   3.6482942e+00
   1.0796904e+00
   1.2246382e+00
   9.4449789e-01
   3.1756458e+00
   1.0924527e-01
   2.9606869e+00
   2.8951343e-01
   2.7788345e+00
   1.0276727e+00
   3.5946100e+00
   5.1416582e+00
   5.3621948e-01
   1.4629523e+00
   1.5459528e+00
   2.2112679e+00
   2.5703511e+00
   7.1781066e-01
   2.5586059e+00
   4.2469979e+00
   3.4119200e+00
   2.2439116e+00
   4.1569097e+00
   4.2644154e+00
   8.2661701e-01
   2.7622115e+00
   5.8885735e+00
   3.5828222e+00
   3.6294147e+00
   4.8041384e+00
   1.5516431e+00
   4.3596222e+00
   1.8526783e+00
   3.5858172e+00
   3.9885922e+00
   2.5063073e+00
   1.5637823e+00
   5.8768667e+00
   2.8205338e+00
   3.3412975e+00
   3.9888082e+00
   4.1979240e+00
   2.7584012e+00
   1.0869242e+00
   4.3629449e+00
   5.8114828e+00
   2.3285858e+00
   4.0136227e+00
   5.5900186e+00
   3.0344162e+00
   3.9572624e+00
   2.9217911e+00
   6.8595331e-01
   7.1073116e-01
   6.7790737e-01
   2.8006102e+00
   5.8989373e+00
   3.9823707e+00
   5.8412848e+00
   3.9506317e-01
   1.9285541e+00
   5.9675463e+00
   6.5121314e-02
   1.0544926e+00
   4.7455167e+00
   5.2390565e+00
   3.8067334e+00
   3.2541695e+00
   5.9241490e+00
   4.6571371e+00
   4.4050084e+00
   4.6792021e+00
   5.4904093e+00
   6.0577484e+00
   6.1695659e+00
   5.7719403e+00
   1.7811597e+00
   3.6835535e-01
   5.1584609e+00
   1.1279715e+00
   2.1947965e-01
   4.8463887e+00
   3.3962258e+00
   2.0831270e+00
   3.6330421e+00
   5.3690285e+00
   4.0361617e+00
   2.6395883e+00
   3.4300718e+00
   1.1454104e+00
   1.4845548e+00
   1.2906521e+00
   1.6316572e+00
   5.9227341e+00
   4.0311054e+00
   5.2091588e+00
   2.4426649e+00
   1.0581652e+00
   4.6502969e+00
   5.4839381e+00
   2.2338293e+00
   1.1236137e+00
   6.2607142e+00
   6.0263762e+00
   9.8015326e-01
   5.8366749e+00
   2.6676783e+00
   1.4016778e+00
   8.5699564e-01
   1.6347318e+00
   3.4209769e+00
   5.1653056e-01
   3.7581447e+00
   1.8338217e-01
   2.8582769e+00
   2.0891508e+00
   5.9292713e+00
   1.9044449e+00
   2.6906129e+00
   4.1533976e+00
   2.3944466e+00
   8.5558519e-01
   6.0712298e-01
   1.9173871e+00
   5.1766136e+00
   3.9411460e+00
   1.2939137e+00
   6.1586869e+00
   2.7506169e+00
   5.2476898e+00
   3.3877707e+00
   1.5787718e-01
   4.2878210e-02
   4.9391255e+00
   2.8110522e+00
   1.8141909e+00
   5.4235216e+00
   4.1232052e+00
   1.7887829e+00
   4.0499290e+00
   1.6561294e+00
   1.0981667e+00
   2.3161046e+00
   3.3774774e+00
   5.8207878e+00
   4.7068644e+00
   9.2824944e-01
   1.8144238e-02
   7.9805183e-01
   5.7611868e+00
   4.2230652e+00
   7.1496245e-01
   6.0332873e+00
   7.5010627e-01
   3.0939391e+00
   2.2701991e+00
   2.9531002e+00
   3.6932418e-01
   2.0735247e+00
   1.6620312e+00
   1.5451463e+00
   5.9544262e+00
   2.0383906e-01
   5.6935124e+00
   2.3153394e+00
   4.1628639e+00
   5.9918003e+00
   5.9142654e-01
   4.3059650e+00
   2.5914400e+00
   7.0238926e-01
   3.0902908e+00
   2.9000192e+00
   5.5107188e+00
   4.1484051e+00
   1.7465046e+00
   4.1291097e+00
   4.0552617e+00
   5.6374231e+00
   5.5438841e+00
   2.1059505e+00
   2.6829322e+00
   5.0502044e+00
   5.7999719e+00
   5.4457865e+00
   3.1393953e+00
   3.6724153e+00
   5.8104196e+00
   1.0437433e+00
   2.3521741e+00
   1.6299087e+00
   5.2180655e+00
   4.4093313e-01
   1.7657653e+00
   3.4874496e+00
   3.8890836e+00
   2.5747682e+00
   1.6237538e+00
   2.6184933e+00
   2.4005257e+00
   6.0528521e-01
   8.2488308e-01
   3.8321039e+00
   4.1229868e+00
   5.2841294e+00
   3.1404483e+00
   1.9301825e+00
   1.0666582e+00
   3.0640200e-01
   1.4188509e+00
   2.3057473e+00
   3.5678841e+00
   3.5796275e+00
   4.8931969e+00
   3.7085970e+00
   6.9531905e-01
   4.0254982e+00
   4.5251077e-01
   2.2986769e+00
   1.8051784e+00
   4.6585930e+00
   4.2089444e-01
   4.7574140e+00
   1.5124446e+00
   1.4508493e+00
   7.5325227e-02
   8.3236262e-01
   1.3156145e+00
   1.3457497e+00
   5.6912739e+00
   1.7452961e+00
   6.1010979e-01
   4.9186127e+00
   4.1941578e+00
   3.8495352e+00
   2.1601115e+00
   4.3375272e+00
   1.4674943e+00
   1.9354060e+00
   2.2449865e+00
   1.3615533e+00
   4.2554758e+00
   4.6245168e+00
   6.2948535e-02
   2.2362756e+00
   1.5076791e+00
   5.8283376e+00
   4.7939876e+00
   2.3837595e+00
   4.3099904e+00
   4.3911465e+00
   3.7095815e+00
   6.0447732e+00
   4.9093395e+00
   3.3830396e+00
   5.9148808e-01
   5.5669568e+00
   1.6178896e+00
   2.9122995e+00
   2.0784668e+00
   4.7549474e+00
   5.0444511e+00
   5.0461373e+00
   5.5080718e+00
   5.4961578e-01
   4.1966251e+00
   3.1568104e+00
   2.1083985e+00
   3.6980408e+00
   2.2112577e+00
   1.2988453e+00
   1.6471656e+00
   6.1983185e-01
   9.4287483e-01
   2.0170240e+00
   3.7346591e+00
   9.6596473e-01
   3.9348824e-01
   4.8897194e-02
   4.8648199e+00
   4.2854152e+00
   7.5714365e-01
   4.5192024e+00
   1.0169593e+00
   7.5498849e-01
   4.2798049e+00
   9.0997272e-01
   3.6334248e-01
   8.4786561e-01
   9.2868234e-02
   1.1882581e+00
   4.4523982e-01
   2.3787983e-01
   1.9344056e+00
   3.2404620e+00
   2.4725009e+00
   6.2529978e+00
   2.7620881e+00
   9.5152337e-01
   4.8886357e+00
   4.6569302e+00
   5.5068175e-01
   2.9557719e+00
   1.8399027e+00
   2.5563176e+00
   2.7032604e+00
   5.4743015e+00
   4.4437837e+00
   8.9832782e-02
   1.5446400e-01
   1.4890788e+00
   3.7590126e+00
   5.8194746e+00
   2.1011819e+00
   2.7836581e+00
   6.2290278e-01
   4.4934275e+00
   4.5341878e+00
   4.9164100e+00
   5.9190439e+00
   2.9888155e-01
   5.0287498e+00
   2.9329181e+00
   1.7538874e+00
   2.8099085e-01
   4.9483287e+00
   5.6493618e+00
   4.8737657e+00
   5.2618550e+00
   2.1640591e+00
   1.2012986e+00
   2.3778019e+00
   1.6105930e+00
   1.3485751e-01
   1.8427250e+00
   1.5106209e+00
   1.2729043e+00
   2.1879357e+00
   3.3750105e+00
   7.8108961e-01
   1.2110105e+00
   3.0700871e+00
   2.5573218e+00
   4.6176313e+00
   1.8843582e+00
   5.0713859e+00
   5.7407235e+00
   4.8073156e+00
   2.0999140e+00
   4.5197335e+00
   2.1107208e-01
   3.8680790e+00
   7.0487830e-01
   3.1794274e-01
   3.4689623e-01
   1.6474259e-01
   6.0031788e+00
   3.3000157e+00
   4.7516841e+00
   3.7059378e+00
   4.6426810e+00
   2.0069562e+00
   5.3289569e+00
   3.1016745e+00
   7.2153133e-01
   5.1036579e+00
   4.1898112e+00
   2.3988139e+00
   4.5164099e+00
   2.6303166e+00
   3.5143558e-01
   3.6756613e+00
   1.8775900e+00
   2.5733576e+00
   3.6825102e+00
   1.9831088e+00
   9.2588043e-01
   6.2299622e+00
   6.7539997e-01
   2.1001976e+00
   2.3850318e-01
   5.7956516e+00
   2.3445189e+00
   6.2150801e+00
   3.4146349e+00
   3.5394221e+00
   1.1806018e+00
   1.3539990e+00
   3.0492732e+00
   1.3791638e+00
   5.8865438e+00
   1.7443670e+00
   5.9885261e+00
   5.1203720e+00
   2.1965941e+00
   1.3575478e-01
