  -2.0314279e-01
  -4.9996522e-01
   3.8302391e-01
   4.1203538e-01
   4.0549255e-01
  -3.6378075e-01
  -5.9927204e-01
  -5.8958899e-01
   8.5354083e-01
  -1.8530081e+00
  -2.0730316e-01
   2.7037820e-01
  -6.5277101e-01
   4.7722729e-01
  -7.1319650e-02
  -9.3830129e-01
   1.6136353e-01
  -2.6818288e-01
  -4.0987265e-01
  -7.1132271e-01
   6.1445484e-02
  -1.8461292e+00
  -3.9833312e-01
  -5.4354812e-01
  -9.1189850e-01
   6.5269859e-01
  -7.3427126e-01
   5.4063309e-01
   9.7584088e-01
  -1.5687041e-01
   2.7779932e-01
   6.3951730e-01
  -8.0978015e-02
   5.4087014e-01
  -1.2625648e+00
   1.1104238e+00
  -9.8956268e-01
  -1.8288359e+00
   1.3844985e+00
  -6.2726794e-02
   4.4892112e-01
  -3.6325847e-01
  -1.0205834e+00
  -3.0729885e+00
   6.2627900e-01
  -2.8668453e-01
  -1.9734291e-01
   4.0560537e-01
  -1.4193485e+00
  -7.2944524e-01
   1.1473278e+00
   5.9786463e-01
  -1.2812813e+00
  -2.2032642e+00
  -5.7124632e-01
   2.1399648e-01
   9.4237693e-01
   9.3725491e-02
  -1.1223117e+00
   3.0615782e-01
  -1.1723349e+00
  -9.6096656e-01
  -6.5373502e-01
  -1.2293936e+00
  -2.7096513e-01
  -8.9995007e-01
  -2.8568614e-01
  -4.6242154e-01
  -4.0978521e-01
  -5.0353898e-01
   1.2332971e+00
   6.1030522e-01
   5.9072155e-02
  -1.4669467e+00
  -1.6258033e+00
  -1.9647524e+00
   2.6051958e+00
   9.7237481e-01
   2.5698097e-01
  -9.7424046e-01
  -1.1463644e+00
   5.4763950e-01
   1.5650840e+00
  -1.6933437e+00
  -4.4939736e-01
  -8.4292073e-02
  -1.9919972e+00
   8.4124567e-01
  -4.1465892e-01
   1.9121808e+00
  -3.9089873e-01
   4.0918208e-01
  -1.1424282e+00
  -6.2486378e-01
  -1.1687228e+00
   3.9257528e-01
   1.3018395e+00
  -5.9364176e-01
   4.3637539e-01
  -5.0436248e-01
   1.0210771e-01
   1.1962505e+00
   1.2028282e-01
  -1.0368434e+00
  -8.5710324e-01
  -1.6987430e-01
  -1.9166828e-01
  -8.6581521e-01
   1.8066413e-01
   1.2665285e+00
  -2.5116929e-01
  -2.0457005e-01
  -2.2015219e+00
  -7.7451310e-01
  -1.3932726e+00
  -3.8623465e-01
   5.2558635e-01
   1.5232693e+00
   1.7984945e+00
  -1.1688427e-01
  -3.2019619e-01
   8.1751628e-01
   4.9015919e-01
   7.6525116e-01
   7.7827905e-01
  -1.4803052e+00
   5.4036396e-01
  -9.1539022e-02
  -7.6025238e-01
  -6.9359544e-01
   1.2814578e+00
  -8.0973761e-01
  -1.2368184e+00
   2.1468645e-01
   2.0107718e+00
   2.5554433e-02
   3.0829944e-01
  -9.3824721e-01
   1.6742160e+00
   1.2498817e-01
   5.3010126e-01
  -9.5206822e-01
   8.5404282e-01
   3.8914573e-01
  -1.1560011e+00
   3.9740127e-02
  -4.5059860e-01
   1.0924794e-01
  -2.5055284e-01
  -1.8990165e-01
  -1.0329135e+00
  -3.2329192e-01
   7.6652685e-01
   1.7446732e+00
  -1.1605199e+00
   2.3774119e+00
   1.5260780e+00
   1.6850750e-01
  -3.0120653e-01
  -6.9865427e-01
   8.3277058e-01
  -6.9460525e-01
  -4.6188299e-01
   8.8361714e-01
   4.3594418e-01
   8.9674736e-01
   5.0473203e-01
  -4.0089714e-01
  -5.1384801e-01
   7.9636760e-01
  -6.7119016e-01
   1.1866590e+00
   7.9070197e-01
   2.8772149e-01
   3.2261146e-03
   3.6561719e-01
   3.5266778e+00
  -1.1243666e-01
  -1.5565939e+00
   1.9151023e+00
   6.0984605e-01
  -6.4791162e-01
   2.6173349e+00
   5.5095042e-01
   2.9420368e-01
  -7.7784380e-01
  -1.0649301e+00
  -1.7684140e+00
  -4.2291954e-01
  -1.0531024e+00
   6.4775524e-01
  -3.1762819e-01
   1.7689916e+00
   1.5105824e+00
   1.6401032e-01
  -2.8276371e-01
   1.1521658e+00
  -1.1465076e+00
   6.7369870e-01
  -6.6911300e-01
  -4.0032270e-01
  -6.7180243e-01
   5.7562902e-01
  -7.7809352e-01
  -1.0635612e+00
   5.5297830e-01
  -4.2342884e-01
   3.6158716e-01
  -3.5188924e-01
   2.6954071e-01
  -2.5644494e+00
   4.6586413e-01
   1.8535609e+00
   1.0392893e+00
   9.1089658e-01
  -2.3973129e-01
   1.8099808e-01
   2.4424955e-01
   9.6392885e-02
  -8.3046850e-01
  -3.5225219e-01
  -1.7477504e-01
  -4.8065342e-01
   8.3683671e-01
   2.5383493e+00
  -1.3233343e+00
   1.2834026e-01
  -1.4423792e+00
   1.3025082e+00
   1.4099115e+00
  -1.6625430e+00
   1.9436845e+00
  -1.0846985e+00
   2.2681898e-01
   1.0989292e+00
   1.4718875e-01
   2.2956658e+00
   2.7525579e+00
   1.3831772e-01
  -1.9070662e+00
  -3.6499299e-01
  -8.4811001e-01
  -7.6475336e-01
  -1.1276948e+00
   7.8188895e-02
   2.1066297e+00
  -7.1584739e-01
  -2.8051566e-01
   1.1664750e+00
   1.2128214e+00
   4.8554099e-01
   1.0260165e+00
   8.7072602e-01
  -3.8175788e-01
   4.2889303e-01
  -2.9913052e-01
  -8.9986852e-01
   6.3474546e-01
   6.7453591e-02
  -1.8712054e-01
   2.9172746e-01
   9.8769469e-01
   3.9293457e-01
   1.9455137e-01
   2.7978496e-01
   5.1220312e-02
  -7.7446624e-01
   7.8678171e-01
   1.4089070e+00
  -5.3409858e-01
   1.9277584e+00
  -1.7624755e-01
  -2.4375036e-01
  -8.9760066e-01
  -7.9233687e-01
  -9.5297469e-01
   3.5390545e-01
   1.5970263e+00
   5.2747025e-01
   8.5420230e-01
   1.3418465e+00
  -2.4995334e+00
  -1.6755932e-01
   3.5301531e-01
   7.1725373e-01
  -1.3048516e+00
  -1.0058690e+00
   7.9068347e-01
  -1.1657133e-01
   5.5308989e-01
  -9.6064480e-01
  -1.6338024e+00
   7.6120028e-01
   1.1933072e+00
   1.6320572e+00
  -1.5321896e+00
  -1.3368524e+00
  -1.4738465e+00
  -4.1663074e-02
  -6.1550734e-01
   1.3141548e+00
  -1.4550666e+00
  -1.7423492e+00
   2.0530468e-01
   1.1929304e+00
  -8.0282310e-01
  -1.2656364e+00
  -1.4933135e-01
  -1.6364467e+00
   1.7344346e-02
   8.2838727e-01
   2.1773835e-01
  -1.9092449e+00
  -5.3682182e-01
  -3.0203230e-01
   1.8135821e+00
   9.1485175e-01
  -5.7080716e-02
   1.3093621e+00
  -1.0447358e+00
  -3.4826681e-01
   1.4125612e+00
   1.5023829e+00
   7.3037599e-01
   4.9075227e-01
  -5.8612614e-01
   7.4489965e-01
  -8.2815497e-01
   5.7452073e-01
   2.8184138e-01
   1.1393063e+00
  -4.2586785e-01
   6.3613989e-01
   7.9317808e-01
  -8.9837711e-01
   1.5624484e-01
   1.5972539e+00
   1.1243971e-01
  -3.0862493e-01
   4.5665961e-01
  -2.7510083e-01
   4.4314361e-01
  -1.3476513e-01
  -1.8328230e-02
   4.6078943e-01
   1.3623155e+00
   4.5187457e-01
   1.6483837e+00
  -2.0283620e+00
  -4.4925681e-01
   2.3599320e-01
  -8.3517296e-01
  -1.2759552e+00
   6.1703508e-01
   6.1270150e-01
   2.8938116e-01
   3.9531612e-01
  -8.7056284e-01
  -4.9768838e-01
  -1.0667182e-01
  -6.8782914e-01
   3.3188088e-01
   2.3652247e+00
  -4.8223072e-01
   6.4744821e-01
  -1.0344247e+00
   1.3395546e+00
  -9.6914036e-01
   2.0871560e-01
  -6.1859336e-01
   5.1201564e-01
   1.1354171e-02
  -4.3988626e-02
   2.9490925e+00
  -6.3004619e-01
  -4.6879400e-02
   2.6830255e+00
  -1.1466907e+00
   5.5299875e-01
  -1.0764584e+00
   1.0306396e+00
   3.2752981e-01
   6.5212481e-01
  -2.7886112e-01
   2.4519159e-01
   1.4725135e+00
  -2.2751015e+00
  -1.6332907e+00
   4.1546894e-01
  -6.5476885e-01
  -2.9634832e-01
  -1.4969189e+00
  -9.0483445e-01
  -4.0418155e-01
  -7.2579817e-01
  -8.6648503e-01
  -4.2184678e-01
  -9.4266632e-01
   1.3418837e+00
  -9.8843471e-01
   1.8179427e+00
  -3.7443661e-01
  -1.4517407e+00
  -6.1868181e-01
   9.3450096e-01
   1.0559293e+00
   1.6022728e-01
   2.8740032e-01
   6.3290558e-01
  -1.4590419e+00
  -5.8170973e-01
  -1.8301493e+00
  -4.4910308e-01
   9.4927470e-01
   7.1744141e-01
   2.2878286e+00
   1.6672766e-01
  -2.1564908e+00
   1.6893993e+00
   1.2822807e+00
  -5.8263096e-01
   2.2261448e-01
   7.7945147e-01
   3.8470716e-01
   6.9636692e-01
  -1.1271556e-01
  -3.8823701e-02
   8.8088629e-02
  -7.8965597e-01
   1.4229606e+00
   6.3316841e-03
   6.8648085e-01
  -8.5493363e-01
  -1.0752353e+00
  -9.0967251e-02
  -2.5277183e-01
   1.1948238e+00
   6.0606371e-01
   5.4051443e-01
  -1.4449394e+00
  -9.6769381e-01
   2.0205134e-01
  -3.4787797e-01
   1.2900880e+00
   1.3411538e+00
  -5.8079769e-01
   8.7513560e-01
   1.3954499e+00
   3.2098522e-01
   1.6233825e+00
   1.0624333e+00
   2.1410524e-01
   8.7680320e-01
   1.9440701e-01
  -4.1489216e-01
   3.5845873e-01
   3.6222668e-02
  -3.6463117e-01
   1.7710196e+00
   2.2127307e-01
   2.7303776e+00
  -2.9616538e-01
   5.6429555e-01
   1.5826207e+00
   2.7292301e+00
   3.0356428e-01
  -7.9025848e-01
   8.0338023e-01
  -1.3199027e+00
  -2.7384576e-01
   2.7186692e-01
   1.4895535e+00
   1.4371415e+00
  -2.7561397e-02
   9.2393132e-01
  -3.2128042e-01
   6.6112489e-01
   1.9152939e+00
   1.5675961e-01
  -3.0053646e-01
  -5.0003478e-01
   7.1647138e-01
   1.3372887e+00
   2.1256799e+00
   5.4045784e-02
   1.6303592e-01
  -6.3270674e-01
   1.6119915e+00
  -7.5448724e-02
  -4.7323714e-01
   2.1842408e+00
   8.0988111e-01
   7.1634280e-01
  -1.0055711e+00
   4.3398661e-01
   5.2014359e-01
  -1.0922445e+00
  -2.2579445e-01
  -4.0492178e-01
   5.2785922e-01
  -1.0069629e+00
   1.0890268e+00
   1.7848747e+00
  -3.0375452e-01
  -8.6966315e-03
   5.0663503e-01
   1.2032520e+00
   5.2201773e-01
   3.9704609e-01
  -4.8281084e-01
  -2.3149719e-01
   6.1338521e-01
   1.6828505e+00
   5.6839357e-01
  -1.2060293e+00
   4.3306039e-01
  -9.2120748e-02
  -2.4405494e-01
  -2.1918866e-01
  -8.7976672e-01
  -3.2080433e-01
  -7.8441529e-01
  -3.6496253e-01
   1.1727057e-01
   1.7433969e-01
  -2.1565641e-01
  -1.5261148e-01
   3.3688220e-02
   4.5828221e-01
   1.2816312e+00
   6.2009005e-01
  -2.8667386e-01
   5.9801571e-01
  -2.4553268e-01
  -1.7807372e+00
  -2.3472392e+00
  -1.7135953e+00
  -2.3712726e-01
  -6.1962581e-01
  -7.2016038e-01
   4.0657174e-02
  -6.5898143e-01
  -6.3051503e-01
   6.0962509e-01
   7.8233497e-01
   2.4365844e+00
   3.0240742e-01
   5.8319854e-02
  -5.7413396e-01
  -1.9521240e-01
  -5.0531278e-02
  -1.7557750e+00
  -2.5735762e-01
   7.4954189e-01
  -5.7076431e-01
   4.9423338e-01
   9.9144044e-01
   1.0771401e+00
   7.7684180e-01
  -2.2598404e+00
  -5.6437669e-01
   9.0149144e-01
   3.9467553e-01
   4.8544237e-03
   4.3691863e-01
   1.1300727e+00
   1.5377074e-01
  -7.5862716e-01
  -1.8016310e-01
  -2.0778959e-01
   8.9674529e-01
   4.1230770e-01
   5.4751969e-01
   1.4783504e-01
  -3.6226716e-01
   6.1141295e-02
   2.1670555e-01
  -1.3981224e+00
   1.7887037e-01
   9.2758422e-01
  -1.1017794e-01
   1.5723979e+00
   5.6049061e-01
  -4.2034461e-01
  -1.5394539e-01
  -2.7519859e-01
   2.4112045e-01
   7.5468639e-01
  -2.9190990e-01
   4.5844538e-01
   1.7552886e+00
   9.3149059e-01
   8.2526444e-01
  -8.1480713e-01
  -5.3420418e-01
   2.4255166e-01
  -1.0064795e-01
  -1.6250484e+00
  -1.5144232e+00
   1.0261894e+00
  -7.5812748e-01
   2.0783448e+00
  -2.2219866e+00
   4.4876364e-01
   6.2611541e-04
  -7.5623931e-01
   4.0432483e-01
  -7.9385288e-01
   8.5978320e-01
   6.6869211e-02
  -1.6393874e+00
  -2.4247499e+00
  -2.8382993e-01
   1.1458063e+00
   1.8116929e-01
   5.4250229e-02
   6.8775365e-01
  -1.3934073e+00
   1.4253657e+00
  -8.9385116e-01
   3.7764700e-02
  -3.6356929e-01
   1.4955648e-01
  -1.9445181e+00
   1.5238949e+00
   5.4581017e-01
   2.0099275e+00
   1.4166707e+00
   1.1480666e-02
  -9.3904932e-01
  -1.7389084e+00
   1.6970972e-02
   2.1915909e-01
   1.0458206e+00
  -9.5098265e-01
   7.9479742e-01
   7.1429810e-02
  -7.7368690e-01
   7.7416184e-01
   2.6565472e-01
  -2.3510553e-01
   1.8772922e+00
   6.0923940e-01
  -1.1027388e-01
   2.7745747e-01
   8.7045914e-02
   1.7359305e-01
   4.5359115e-01
  -6.0351803e-01
  -7.9702393e-01
   3.6064890e-01
   1.8850917e+00
  -3.0682183e-01
  -1.0127240e+00
  -2.3854551e-01
  -4.8401481e-01
  -3.2734452e-01
   4.7551798e-01
  -1.3000489e-01
  -5.9435328e-01
  -4.4376691e-01
  -1.3225296e+00
  -8.5952117e-01
  -1.4130012e+00
  -5.1598590e-01
  -1.0850981e+00
  -7.0715859e-01
  -3.0165455e-01
  -1.2004405e+00
  -1.9362266e-02
   3.4037056e-01
  -9.6323098e-01
   1.1139226e+00
  -1.5861054e+00
  -3.9179466e-01
  -1.4846862e+00
  -3.4462717e-01
  -1.3239159e+00
  -5.7483495e-01
  -7.4070673e-01
  -1.1850019e+00
  -2.0648600e+00
   5.6505981e-01
   2.0001424e+00
   2.2233277e+00
  -4.9217759e-01
  -4.6002934e-02
  -4.6574701e-01
   7.5947432e-02
  -9.1876964e-01
  -1.9194665e+00
  -3.6443143e-02
  -1.2251257e+00
  -1.9024343e+00
   2.3742486e+00
  -2.3334571e-01
   4.0388074e-01
   1.1924686e+00
  -1.6847588e+00
   4.1314853e-01
   5.0174522e-01
   8.3064345e-02
   1.5779805e-01
  -5.2794251e-01
   7.2306070e-01
  -8.4994165e-01
  -7.9638405e-01
   7.2533757e-01
   1.6865445e+00
  -3.8639417e-01
  -5.0507841e-01
   4.0807389e-01
   1.0723561e+00
   9.6798289e-01
   2.7014553e-01
  -6.3440654e-01
   6.2976318e-01
  -7.9233754e-02
   1.3769492e+00
  -1.4082125e+00
   1.4123168e-01
   1.2897194e+00
  -4.9493630e-01
  -6.2482495e-01
  -9.3363429e-01
  -2.7872491e-01
  -2.0052496e-01
   1.3674116e-01
  -8.8334886e-01
   8.2537923e-02
  -6.0387490e-01
  -3.6872826e-01
  -8.3817042e-01
  -2.8247504e-01
   3.5698678e+00
   3.4075324e+00
   1.1469179e+00
   7.8725753e-01
  -1.2781374e+00
  -5.8459310e-01
  -6.1940566e-01
   5.3530105e-01
   4.8298705e-01
   1.0847508e-01
  -3.4028473e-01
  -9.2584842e-01
   5.3216898e-03
   1.1391495e+00
   4.2736125e-01
   1.8103215e-01
   6.5747974e-01
   5.8424561e-01
  -1.6164513e+00
   1.8774352e-02
  -4.2596076e-01
  -2.0340273e+00
  -1.3285526e+00
  -3.1988562e-01
   8.2543046e-01
  -2.2929281e-01
   2.6225081e-01
  -8.9797954e-01
  -2.1573027e+00
   9.3916756e-02
  -9.5118146e-01
   1.1725899e+00
   1.7350959e+00
  -3.7169605e-01
   1.1928641e+00
   9.5364803e-01
  -1.4150445e+00
  -3.3356318e-02
   2.6111776e-01
   5.2299453e-01
   6.7678684e-01
   6.7439566e-01
   6.7839896e-01
  -3.1257972e-01
   3.7924377e-01
  -2.2528982e+00
  -1.1683507e+00
   1.2019656e+00
  -6.6073859e-01
   3.2755904e-01
   1.5081271e+00
  -8.8890896e-01
  -9.5928463e-01
  -4.9271930e-01
   4.4105658e-01
  -2.0476425e-01
  -9.7780693e-01
  -1.5729466e+00
  -3.7026157e-01
  -2.2114547e-01
  -5.3521282e-01
  -2.6197217e-01
  -1.0954149e+00
   5.4923349e-01
