   2.7050083e+00
   3.4574750e+00
   7.6944544e-01
   8.1948474e-01
   1.4375186e+00
   6.7181954e-01
   5.8456984e-01
   1.1848385e+00
   4.2945289e+00
   3.4022354e+00
   3.2760963e+00
   5.9176081e+00
   4.0055384e+00
   4.5148303e+00
   2.6668451e+00
   1.5604767e+00
   5.8809815e+00
   5.0399214e+00
   4.7854864e+00
   3.8800454e-01
   5.6966738e+00
   4.1194330e+00
   5.9561435e+00
   3.4258561e+00
   1.9183745e+00
   5.5616233e-01
   2.6485795e+00
   2.3092803e+00
   5.3565951e+00
   6.1821767e+00
   3.3836913e-01
   2.2439464e+00
   6.2773234e+00
   2.6076310e+00
   2.3916818e+00
   6.5709275e-01
   3.7046429e+00
   9.1935966e-01
   2.3660950e+00
   5.8832761e+00
   4.4005516e+00
   1.5264002e+00
   4.6628737e+00
   2.0523255e+00
   2.3245234e+00
   3.0963163e+00
   1.2605227e+00
   1.8068388e+00
   1.8384165e+00
   2.7007871e+00
   3.0040714e+00
   5.8554261e+00
   5.2541864e+00
   1.8219709e+00
   6.0197628e+00
   4.5430467e+00
   5.4337481e+00
   3.2876757e+00
   3.3155554e-01
   6.0319544e+00
   4.2236077e+00
   4.1133976e-01
   6.1520938e+00
   1.8525660e+00
   5.9684533e+00
   1.0896292e+00
   5.6837622e-03
   5.5194983e+00
   5.3440800e+00
   2.1137201e+00
   6.1782626e-01
   3.9465887e+00
   2.5158923e+00
   5.8311254e+00
   5.5330085e+00
   3.8897997e+00
   5.6167955e+00
   1.3135206e+00
   1.6229326e+00
   2.5917354e-02
   5.6833101e-01
   3.7436476e+00
   1.8806373e+00
   4.8721942e+00
   4.0362549e+00
   1.1281242e+00
   1.7802786e+00
   8.5360110e-01
   3.5405467e+00
   9.0638851e-01
   5.3787423e+00
   1.9106183e-01
   5.3427424e+00
   1.4627286e+00
   4.7434057e+00
   3.5431154e-01
   4.4462735e+00
   1.1568673e+00
   6.2492722e+00
   3.2465200e+00
   3.3813025e+00
   1.7059727e+00
   2.3766587e+00
   3.2179118e+00
   3.2384702e+00
   2.9463972e+00
   9.6866082e-01
   1.3516770e+00
   4.0537404e+00
   3.8084847e+00
   1.1457082e+00
   5.4518662e+00
   3.3157506e+00
   6.1232005e+00
   1.7937540e+00
   5.9632518e+00
   3.8176968e+00
   4.8788168e+00
   3.9886892e-01
   3.7143491e+00
   5.6533433e+00
   3.2030924e+00
   3.3478997e+00
   5.0175987e+00
   4.1160894e+00
   2.9094781e+00
   3.5017263e+00
   4.6686181e+00
   3.2315784e+00
   7.5889794e-01
   1.6844382e+00
   5.8110606e+00
   3.7032925e+00
   3.3880407e+00
   5.8890113e+00
   1.6061641e+00
   5.7296373e+00
   3.5004639e+00
   4.6412940e+00
   4.2997147e+00
   8.7779803e-01
   6.1166092e+00
   2.6674620e+00
   4.7885189e-01
   6.7812024e-01
   6.1087723e+00
   3.5836357e+00
   3.0399614e+00
   4.0525901e+00
   1.3710185e+00
   4.3662038e+00
   1.5441359e+00
   3.9811460e+00
   6.0327196e+00
   4.5642439e+00
   6.0925428e+00
   4.7886725e+00
   3.2992745e+00
   2.8072659e+00
   4.0109466e+00
   1.9298036e+00
   2.7860016e+00
   4.1800143e+00
   5.1665199e+00
   2.0044700e+00
   4.1283357e+00
   3.1755433e+00
   9.8926259e-01
   1.9168525e+00
   6.6037087e-01
   5.4702782e+00
   4.2659728e+00
   5.1954103e+00
   5.9443289e+00
   3.9622012e+00
   3.2258013e+00
   3.4934194e+00
   6.2042118e+00
   3.9389384e+00
   5.3533805e+00
   3.0803355e+00
   1.2540456e-01
   1.5320378e+00
   3.4562236e+00
   6.3816438e-01
   2.9801907e+00
   1.0966117e+00
   2.0444425e+00
   6.9357766e-01
   2.6906894e+00
   4.5175512e+00
   4.8230773e+00
   5.8256764e+00
   4.7560826e+00
   2.0891479e+00
   5.5327186e+00
   3.3025034e+00
   1.6797486e+00
   1.0569375e+00
   2.8281363e-01
   1.0730106e+00
   5.8168185e+00
   6.8250212e-01
   5.2411149e+00
   9.5388186e-01
   5.3776282e+00
   3.7609107e+00
   1.2426146e+00
   5.0110320e+00
   4.9472900e+00
   6.0057879e-01
   1.0772382e+00
   3.7875801e+00
   2.0426540e+00
   1.6794004e+00
   4.9593166e+00
   3.8742965e+00
   4.3131818e+00
   4.3821027e+00
   5.8560581e+00
   7.5516402e-01
   3.8131786e+00
   3.0779292e+00
   3.3282119e+00
   1.3940449e+00
   4.7009592e+00
   1.6220288e+00
   1.2510700e+00
   5.4759429e+00
   1.7081154e-01
   2.2833230e-01
   2.7519954e+00
   4.1272754e-01
   6.1536664e+00
   3.9514956e+00
   4.1238310e+00
   2.0602945e+00
   2.9876538e+00
   1.0205039e-01
   1.2568139e+00
   5.3940815e+00
   4.2436699e-01
   1.9524908e+00
   5.1938238e+00
   3.8444826e+00
   5.7466036e+00
   5.5550297e+00
   1.5413473e+00
   6.0205601e+00
   2.8418640e+00
   5.5829755e+00
   2.9207412e+00
   3.6770543e+00
   7.3381397e-02
   4.5768945e+00
   2.6094091e+00
   7.4542130e-01
   3.7463896e+00
   2.9454690e-02
   5.9027685e+00
   4.3442700e+00
   1.7077577e+00
   4.7358713e+00
   4.1364215e+00
   1.7826033e+00
   3.3653652e+00
   3.7834874e-01
   4.2564011e+00
   5.7986456e+00
   2.9319773e+00
   2.3173026e+00
   5.7641561e+00
   7.2715531e-02
   5.8385570e+00
   4.3568709e+00
   5.1599844e+00
   5.3893198e+00
   6.9477509e-01
   4.4296419e+00
   3.4662224e+00
   3.2712009e+00
   1.9712347e+00
   1.0141999e+00
   2.0089089e+00
   4.2164358e+00
   3.2920799e+00
   3.8189229e+00
   4.7771996e+00
   1.0295786e+00
   3.1061661e+00
   4.8046766e+00
   1.8900542e+00
   5.2707481e+00
   4.2713572e+00
   2.0637825e+00
   3.3820104e+00
   5.2641590e+00
   1.5266688e+00
   1.2242193e-01
   3.8169010e+00
   3.3853365e+00
   1.4221957e+00
   5.7801599e+00
   5.8810314e+00
   3.0701499e+00
   4.3833250e+00
   3.2458034e+00
   1.7921752e+00
   5.9379148e-02
   1.8406573e+00
   4.1876457e+00
   9.7447410e-01
   1.4173459e+00
   5.5142618e+00
   3.8058985e+00
   4.0640510e+00
   4.3468885e-01
   1.3731628e+00
   4.9008486e+00
   3.9526102e+00
   4.4369607e-01
   4.1294261e+00
   3.2651165e+00
   5.9535043e+00
   1.3100863e-01
   4.5786692e+00
   2.5039616e+00
   4.3180958e+00
   4.5921958e-01
   4.7629407e+00
   3.1869944e-01
   4.0363816e+00
   3.1464615e+00
   3.3306523e+00
   4.6385711e+00
   1.7251645e+00
   1.4956221e+00
   4.7748634e+00
   6.0324513e+00
   1.0443054e+00
   2.3787756e+00
   6.0822730e-01
   5.8720287e+00
   5.0448692e+00
   4.5880154e+00
   4.9933316e+00
   3.6038442e+00
   2.2725662e+00
   1.0136893e+00
   5.5692306e+00
   5.6674249e+00
   4.7663122e+00
   2.2732070e+00
   3.1178729e+00
   4.1386430e+00
   1.8156318e+00
   8.9885459e-01
   1.9360575e+00
   2.1830381e+00
   8.7674602e-01
   1.3586668e+00
   3.4923307e+00
   3.2159692e-01
   2.6223039e+00
   4.4709900e+00
   5.5246354e+00
   3.7792068e+00
   2.9215055e+00
   5.1234390e+00
   2.0239705e+00
   2.3649246e+00
   8.6717833e-01
   4.1066421e+00
   1.6017079e-01
   1.4682946e+00
   6.1498694e+00
   5.9251785e+00
   6.1642060e+00
   4.2074701e-01
   1.2268388e+00
   2.6603381e+00
   3.3745507e+00
   2.9108562e+00
   3.9327047e+00
   3.1576738e+00
   4.9748819e+00
   4.4632728e+00
   3.5776763e+00
   9.8708073e-01
   3.9307818e+00
   5.8171823e+00
   6.1776097e+00
   4.5438336e+00
   1.1784644e+00
   5.4043670e+00
   8.1090725e-01
   4.6713699e+00
   3.0082914e-01
   4.0821820e+00
   3.7408276e-01
   5.7790379e+00
   1.0789770e+00
   5.5321196e-01
   1.9134988e+00
   4.2197568e+00
   1.2845552e+00
   6.1249098e+00
   2.4856073e-01
   3.0900144e+00
   4.0271006e+00
   2.5447914e+00
   3.5865652e-01
   3.9605241e+00
   1.3482536e+00
   3.9565809e+00
   2.4790995e+00
   5.0020922e+00
   5.5231520e+00
   4.9013691e+00
   4.4138283e+00
   2.6431616e+00
   4.0454655e+00
   4.9202992e-01
   2.3923226e+00
   2.7500825e+00
   2.5569513e+00
   1.7202494e+00
   1.4536214e+00
   4.6363496e+00
   5.5254334e+00
   4.8536854e+00
   2.2514470e-01
   3.4828722e+00
   3.6956093e+00
   1.5468480e+00
   2.5031347e+00
   5.0691470e+00
   1.8964890e+00
   3.0764636e+00
   4.9089719e+00
   2.8272887e+00
   5.2354039e+00
   4.2516718e+00
   5.4430646e-01
   6.1620359e+00
   3.5589747e+00
   1.3048881e+00
   6.0072698e-01
   3.9283396e-01
   1.6199320e-01
   2.0993815e+00
   3.4985190e+00
   5.3151941e+00
   3.9380129e+00
   3.7690542e+00
   1.3234660e+00
   1.5953939e+00
   4.0964716e+00
   2.0666450e+00
   3.2871989e+00
   7.8361725e-01
   2.8443746e+00
   6.2366637e+00
   2.5084287e+00
   3.8900279e-01
   1.8407299e+00
   3.4700262e+00
   4.6503568e+00
   2.0005945e+00
   3.1030024e+00
   3.9500416e+00
   4.7321578e+00
   4.3598227e+00
   8.6004576e-01
   5.6986110e+00
   2.3805518e+00
   3.3277145e+00
   6.2116513e+00
   6.0206067e+00
   5.1374218e+00
   2.6634138e+00
   5.1394981e+00
   2.7928500e+00
   2.3892462e+00
   4.4436896e+00
   1.5011542e+00
   1.1043648e+00
   1.4963203e+00
   1.7818587e+00
   2.5540340e-01
   3.4646532e+00
   5.9218958e+00
   4.9501234e+00
   1.5169634e+00
   4.3729433e+00
   9.5865758e-02
   4.8289264e+00
   2.0853433e+00
   2.0252597e+00
   4.8093844e+00
   2.4137797e+00
   1.3736722e+00
   3.5394570e+00
   1.3862801e+00
   1.0218788e+00
   2.5110125e+00
   1.2814519e-01
   2.6594847e+00
   2.0566750e-02
   2.8186387e-01
   1.1883019e+00
   1.2650335e+00
   3.7721079e+00
   1.4559551e+00
   3.5597253e+00
   3.4604622e+00
   2.1237562e+00
   6.2198728e+00
   9.3216866e-01
   5.3487982e+00
   4.9459979e+00
   3.2942802e+00
   1.1836869e-01
   1.6553159e+00
   6.2743243e+00
   4.4644584e+00
   1.3703020e+00
   4.0313714e+00
   7.6069424e-01
   3.4977320e+00
   4.9509503e+00
   2.6043924e+00
   5.2567897e-01
   3.6889003e+00
   4.0166297e+00
   7.8637037e-01
   5.4365995e+00
   3.0648391e+00
   1.7342711e+00
   1.9570340e+00
   4.1881621e+00
   3.1422089e+00
   2.7906046e+00
   2.0456952e+00
   3.5558034e+00
   9.5647140e-02
   3.4735556e+00
   5.8799570e+00
   3.0270646e+00
   2.0638734e+00
   5.0459111e+00
   9.0142073e-01
   4.9400132e-01
   2.7985805e+00
   2.9248877e+00
   4.6286884e+00
   4.3921803e+00
   3.3495053e+00
   1.2963668e+00
   9.8625429e-01
   2.5273454e+00
   2.7493703e+00
   6.1265045e+00
   5.8229055e+00
   1.9356242e+00
   5.4197663e+00
   3.5200118e+00
   3.4190725e+00
   5.2921988e+00
   4.9509670e+00
   3.3701197e+00
   1.1500641e-02
   2.3257365e+00
   2.7402278e+00
   3.9785287e+00
   9.2222958e-01
   3.5523058e+00
   2.5328579e+00
   3.3917771e-01
   8.5441719e-01
   2.4536445e+00
   2.8749064e+00
   2.0854587e+00
   5.3867800e+00
   3.8148725e+00
   1.2385310e+00
   9.0176961e-01
   4.8215904e+00
   4.1011803e+00
   2.1506079e+00
   3.5569766e-01
   2.6412098e+00
   2.8956927e+00
   3.3646623e+00
   5.2051340e+00
   6.2729443e+00
   2.4027244e+00
   1.1943077e+00
   6.2353786e+00
   4.2721689e+00
   5.8741250e+00
   3.9986831e+00
   4.0759313e+00
   2.4040203e+00
   1.7513503e-01
   3.7263459e+00
   4.5949263e+00
   4.1037010e+00
   3.8931619e-01
   9.6158364e-01
   4.7479128e+00
   3.1154120e+00
   2.4150622e+00
   1.8115543e+00
   1.1709750e+00
   5.9522975e+00
   2.5010621e+00
   8.7431580e-01
   3.4015448e+00
   1.9174017e-01
   3.4460133e+00
   2.4918398e+00
   4.7811623e+00
   1.0228057e+00
   2.9411598e+00
   3.7299794e+00
   5.3617170e-01
   3.1236275e+00
   4.8813989e+00
   8.4080280e-01
   4.3994545e+00
   5.2196375e+00
   3.2242029e+00
   3.0246061e-02
   2.2412871e+00
   6.1136758e+00
   9.0891069e-01
   4.8679967e+00
   2.2680998e+00
   1.7692077e+00
   3.4143426e+00
   2.5587555e+00
   5.7824397e+00
   2.2424645e+00
   7.0691636e-01
   1.6027394e+00
   9.7814821e-01
   5.1089263e+00
   3.9561374e+00
   4.1429710e+00
   4.1727740e+00
   3.4386430e+00
   1.7966708e+00
   6.1143660e-01
   5.2226994e+00
   1.9793318e+00
   3.7622681e+00
   2.9453543e+00
   4.1356638e+00
   1.6399107e+00
   1.7877575e+00
   4.3420369e+00
   6.1165464e+00
   1.7753652e+00
   5.3657963e+00
   5.6632107e+00
   5.2637646e+00
   4.7267130e+00
   1.6281699e+00
   5.9510466e+00
   5.3226893e+00
   5.2927963e+00
