  -5.9993880e-01
   1.0400800e+00
  -2.4440684e-01
  -1.4850667e+00
  -3.5617863e-01
   3.5452356e-01
   1.8349129e+00
   8.9769247e-01
   2.5230230e-01
   9.8402784e-01
  -5.1456092e-01
  -1.3106536e+00
  -6.8731566e-01
  -1.1854646e+00
   9.8238861e-01
  -1.3534657e-01
  -1.1900400e+00
  -2.0730962e-01
  -8.4561519e-01
  -3.1429513e-01
   1.4242803e+00
   1.4914769e+00
  -7.4404839e-01
  -3.7437698e-01
   4.2410689e-01
   1.1411571e-01
  -5.1109796e-01
   1.0223372e+00
  -1.4191838e+00
   2.5466793e+00
  -3.5795550e-01
   4.0131843e-01
  -7.0619483e-01
  -1.0206634e+00
   1.1339608e+00
   3.8545332e-02
   2.3091273e-01
   1.2573352e-01
   6.9628561e-01
   1.7394737e+00
   6.6537739e-01
   6.8753180e-01
   1.2389687e+00
   8.9866307e-01
  -1.1500981e+00
  -2.6418046e-01
  -1.6251805e+00
   5.8164260e-01
   1.9024927e+00
   1.5800943e+00
   9.2102905e-01
  -9.3790246e-01
  -7.3718621e-01
   1.7978079e-01
  -1.3183047e-01
   8.6792689e-01
   1.3143919e+00
  -2.5111955e-01
  -7.1759512e-02
   1.0952087e+00
   4.8928037e-01
  -1.6801537e+00
  -8.1152546e-01
  -7.5222489e-01
  -1.3259191e+00
  -1.8148085e-01
   1.3141549e-01
   1.3938299e+00
   7.0621342e-01
   1.1628468e+00
  -7.5368772e-01
   3.2192470e-01
   1.6357042e+00
  -6.4779452e-01
   6.7326330e-01
   1.2735555e+00
  -1.0398118e+00
   4.8795003e-01
  -9.0675360e-01
  -4.7470307e-01
  -6.6608673e-01
  -5.0201962e-01
  -3.0888602e-01
  -8.3690130e-01
  -6.2832389e-01
   5.0090346e-01
   1.6702536e+00
  -1.5417301e+00
  -2.7200912e-01
   3.4164674e-01
   4.8436693e-01
   9.5268422e-01
   1.3135013e-01
  -1.7419133e+00
   6.6776131e-01
   8.9815588e-01
  -5.4931556e-01
  -3.1750026e-01
  -5.8269331e-01
  -1.6421093e-01
  -9.3513325e-01
   1.1881074e+00
  -1.2127883e+00
  -3.8117851e-01
   1.3226534e+00
   3.8534628e-01
  -3.6182184e-01
  -4.2637666e-01
   3.8713794e-01
   9.0277695e-01
   7.1777527e-01
   1.7360807e+00
  -1.0088329e+00
  -1.8003940e-01
  -2.0265477e+00
   4.0893784e-01
   7.3432512e-01
   8.1967433e-02
  -1.6865170e+00
  -2.0617113e+00
   1.8209372e+00
  -1.2491315e+00
   9.3631615e-01
  -1.7155872e-01
  -7.8369128e-02
  -6.1036921e-01
   5.6887556e-01
  -1.5719719e-01
  -1.0685058e+00
  -3.1252217e-01
  -1.7122889e-02
  -1.3233227e-01
   4.4468541e-01
   4.0173856e-01
  -2.5141902e+00
  -7.8849274e-01
  -1.1401662e-01
   4.7413698e-01
   6.8491618e-01
   5.3977044e-01
  -3.8044895e-01
   1.4430567e+00
  -8.0929881e-01
  -1.4712311e+00
   4.2542207e-01
   9.6419273e-01
   9.7041652e-01
   5.2231356e-01
   8.7477896e-01
   1.5806639e-01
   1.5656886e+00
   1.3527578e+00
   9.2528175e-02
   7.8252329e-01
   1.1100244e+00
   1.4999465e+00
  -1.3238085e-01
   1.2577997e+00
   1.0932928e+00
   9.7522127e-01
   1.2002858e+00
  -1.0728336e-01
   6.1949924e-01
   1.0909685e+00
  -4.4203488e-01
  -1.2807932e+00
   6.5878350e-01
   2.0102942e-01
   4.5001961e-01
  -1.3068824e-02
  -8.4648209e-01
   4.8271838e-01
   9.3312086e-01
   2.9170062e-01
  -2.1339365e-01
  -4.0705416e-02
  -2.2802828e-01
  -1.3811048e+00
   2.6506418e-01
   1.0620732e+00
   5.8548211e-02
  -5.6460054e-01
   6.6265084e-01
   1.2090738e+00
   4.5482148e-01
   4.9357133e-01
   2.2162062e-01
  -5.7464411e-01
   1.3227023e-01
   1.1286398e+00
  -5.6005888e-02
   7.0626588e-01
  -6.0550907e-02
   5.9024852e-01
  -6.1960724e-01
  -1.1902801e+00
  -2.4353561e+00
   7.3200557e-01
   3.4681241e-01
   7.2808703e-01
   5.7115967e-01
  -1.7775743e+00
   1.0337879e-01
   1.9348477e+00
   9.3067300e-01
  -1.5083464e-01
  -4.6819906e-01
  -3.6528668e-01
   2.5813451e-01
   1.8535987e-01
  -8.9456506e-01
  -4.5442473e-01
  -2.8301609e-01
   1.0965017e+00
   1.0177969e+00
   3.0255491e-01
  -1.2609276e+00
   2.4015108e-01
   7.8343789e-01
  -1.9302007e-01
  -1.3070100e+00
  -7.6559968e-01
   7.8255347e-01
  -6.8662559e-02
   3.8321645e-01
   3.1142887e-01
   7.5205738e-01
   9.5719177e-01
   4.4150389e-01
   5.5314577e-01
   3.6718812e-01
  -1.1446970e+00
   9.2748395e-01
   1.0477348e+00
   3.2909568e-01
  -2.3967398e-01
  -5.6783658e-01
  -1.5646099e+00
   2.9717995e-02
   6.0717782e-01
   9.6029016e-01
  -1.2553660e-01
  -4.8256378e-01
   1.7204100e+00
   1.7116231e+00
   2.3919526e+00
  -9.3724221e-01
  -1.2838415e+00
   1.6259642e-01
   3.8903029e-01
   6.8499318e-01
  -4.9181946e-01
  -1.9880144e-01
  -3.0830493e-01
  -1.9709990e+00
  -8.2212635e-01
   6.7323334e-02
  -4.1562828e-01
   8.4179930e-01
   5.9350698e-01
   2.9900881e-01
   6.2032616e-01
   2.0547497e+00
  -2.5180396e-01
   2.6635878e+00
   1.8578244e+00
   1.2647113e+00
  -1.9688424e+00
  -5.6491559e-01
  -1.3172138e+00
   2.0211130e-01
  -1.0584010e+00
  -4.3997017e-01
   1.4778867e+00
  -1.2282586e+00
  -1.8466841e+00
  -7.4760417e-01
  -2.5630795e-01
   6.8392577e-01
   1.1821271e-01
  -3.5234586e-01
   2.3460685e-01
  -1.1382177e+00
   3.0103188e-01
   1.0366978e+00
  -2.0253571e-02
   1.1856314e+00
  -3.3262184e-01
   1.0198931e+00
  -1.3459873e+00
   4.5249931e-02
   5.6978574e-01
  -1.0480414e+00
  -1.4765510e+00
  -5.9117629e-01
  -2.5900867e-01
   1.3568368e+00
  -1.0056502e+00
   1.0442225e+00
  -2.5932158e-01
  -6.1920217e-01
  -3.5101410e-01
   2.1361985e+00
  -6.1599655e-01
   1.5139365e+00
   8.5554198e-02
  -5.0259962e-01
   7.0582523e-01
   1.1969366e-01
  -8.5694750e-02
   4.8205162e-01
  -4.7597089e-01
   2.1170407e+00
   9.9026814e-02
   8.0667107e-01
   1.0169191e+00
  -9.3339821e-01
   1.4725052e+00
   9.8495987e-01
  -7.4668537e-01
   3.1540918e-01
  -9.1433077e-01
   1.2303684e+00
  -2.6587270e-02
   9.0971698e-01
   5.9256656e-02
   2.6802869e-01
  -4.9421514e-01
  -4.5913713e-01
  -1.8801111e-01
   2.4256492e+00
   8.7054502e-01
   5.6176349e-01
   5.4971013e-01
   2.3983417e+00
   4.5732078e-01
   6.5507391e-01
  -6.1347899e-01
  -1.8690513e-02
  -1.0380457e+00
   5.4586221e-01
  -6.6939864e-01
   1.3647959e+00
   9.7885080e-01
  -6.6268531e-02
  -3.5787838e-01
  -1.3744338e+00
   8.5066498e-01
   8.5815476e-01
  -9.9552784e-02
   2.1040331e+00
   5.9418549e-01
   6.0198587e-01
   2.3120934e-02
   7.6864179e-01
  -7.4281742e-01
  -9.6305351e-02
  -9.9523073e-01
  -1.2312624e+00
  -1.8376544e+00
   1.5897524e+00
  -2.0318485e+00
   2.3552286e+00
   7.6404438e-01
  -2.1146526e+00
  -9.0353464e-02
   8.8481897e-01
  -6.8837522e-01
   7.9571957e-01
  -1.0377472e+00
   9.8199263e-02
   1.5237266e+00
   3.7423274e-01
   1.2390072e+00
   6.5530194e-02
  -6.8030769e-01
   5.1355658e-01
   5.3690330e-02
   2.1301171e+00
  -8.1960089e-01
   9.8988330e-02
  -1.4617316e+00
   1.6269981e+00
   6.6043770e-01
   1.4171046e+00
  -2.5323072e-01
   4.5042330e-01
   1.3013656e+00
  -2.9331732e-01
   5.6921616e-01
  -1.4056865e+00
  -2.9313570e-01
  -1.1954598e-01
  -7.0002520e-01
  -1.5770161e+00
   2.8758377e-01
   2.4020215e-01
   6.2244497e-01
   9.6851909e-01
  -8.7452995e-01
   2.6228534e-01
   1.4501639e-01
   1.1975501e+00
   9.2473931e-01
  -7.8384661e-01
  -1.8150684e+00
  -8.1184821e-01
   9.8893012e-01
  -7.3826135e-03
  -2.0371885e-01
  -6.9674307e-01
  -6.2502420e-01
   4.6320393e-01
   7.5812985e-01
   5.0639985e-01
   1.8001758e-01
   1.1690202e+00
  -1.8039761e-01
  -1.6285389e-02
  -9.7952091e-01
   2.0060874e-01
  -1.4747605e-01
  -1.0198766e+00
   5.5524827e-01
   2.6999586e-01
   2.0614805e+00
   5.1672752e-01
   5.1782044e-01
  -1.7640511e-01
  -1.0924193e+00
  -1.1863172e+00
   3.3836748e-01
   1.5337581e+00
   3.7779777e-01
   9.5322996e-01
  -4.9014348e-01
   3.1356209e-01
  -2.6380492e-01
  -7.9218233e-01
   7.4409535e-01
  -2.8055603e-01
  -3.2169378e+00
   1.9347692e+00
  -2.9875786e-01
   3.8298125e-01
  -4.5438749e-01
   1.5645920e-01
  -2.6126403e-01
  -6.1447955e-02
  -4.3489524e-01
  -1.1036657e+00
  -4.5878218e-01
   2.9417284e-01
  -1.9477656e-01
   1.5976725e+00
   3.0954421e+00
  -7.5579575e-01
  -8.7235676e-01
  -1.0529907e+00
  -9.7559961e-01
  -1.1210815e-01
   3.4542259e-01
   1.5487863e-01
  -1.3068423e+00
   1.5257117e+00
   9.5863291e-01
  -9.8617215e-01
  -2.3718924e-01
  -4.8578903e-01
  -6.1163903e-02
  -6.3991739e-01
  -7.1532345e-01
   1.8141396e-01
  -3.0259439e-01
  -2.1741077e-03
  -3.5152043e-01
  -1.4486974e-01
   2.1407139e-01
  -6.5414217e-01
   1.3855814e+00
   6.0512786e-01
  -2.7553944e+00
  -6.6270335e-01
   6.4392531e-01
   9.3573296e-01
  -1.4264727e+00
   1.7663624e+00
  -3.9751447e-02
  -1.5026254e+00
  -4.2496284e-01
  -6.4928869e-01
   1.5704536e+00
  -2.1910482e+00
  -8.0709304e-01
   3.8684839e-01
   7.4292497e-01
  -1.6248157e+00
   1.3680247e+00
  -1.4088395e+00
  -8.8216627e-01
  -3.4655931e-01
   8.4283943e-01
   5.5073027e-01
   5.0885640e-03
   8.7732064e-01
  -5.4354098e-01
   1.5722160e+00
   9.1945971e-02
  -1.8415581e+00
  -9.0406713e-01
  -9.8564825e-01
  -1.1298286e+00
   6.6078594e-01
  -1.2078156e+00
  -1.9847514e-04
  -1.2154045e-01
  -7.7362012e-01
   1.0878998e-01
  -7.0266433e-01
   1.8479700e+00
  -1.5100297e+00
   2.6510472e-01
  -4.9971297e-01
  -2.0950359e-01
  -1.7303794e+00
   8.4164484e-01
   2.1608976e-01
   1.0955955e+00
   6.2110477e-01
  -7.9548979e-01
  -1.2218376e+00
  -5.1083621e-01
   5.1953778e-01
  -1.1049367e+00
  -2.4488621e-01
  -2.1857312e+00
  -9.8441307e-01
   4.7344971e-01
   8.1646612e-01
   1.3909207e+00
   4.1989086e-01
   3.6125312e-01
  -9.7828711e-01
  -1.9788252e+00
   9.9451778e-01
   5.3802622e-01
   4.4552059e-01
   6.5422140e-01
  -4.3798682e-01
   1.1226512e+00
   9.5986046e-01
  -2.8859494e-01
  -6.1594291e-01
  -5.0616719e-02
   6.6918447e-01
   1.1498751e+00
   9.8945169e-01
  -1.8928875e+00
   2.9459688e-01
  -3.0688735e+00
  -1.5987793e+00
  -8.4631750e-01
   4.4202013e-02
  -5.7684787e-02
  -1.2261838e-01
   1.0371513e+00
   1.1724120e-01
   8.8167172e-01
  -7.6140598e-02
  -9.1442755e-01
  -1.1863140e+00
   1.1997547e+00
  -4.1596168e-01
   4.8394339e-01
  -6.5124866e-03
  -5.2376515e-01
   4.6051679e-01
  -8.4241135e-01
   9.2029321e-01
   1.2784153e+00
   1.8203717e+00
   6.7590513e-01
   9.3548460e-01
   7.8826121e-01
  -1.0081944e+00
  -1.1533025e-01
   4.1914355e-01
  -1.1429721e+00
  -2.2347716e-01
  -1.4164110e+00
  -2.6229936e-01
   2.2802868e-01
   3.3611962e-01
   6.8345088e-01
   9.8072475e-01
  -2.1553145e-01
   9.6122126e-01
   1.0349595e+00
  -1.5690988e-01
   1.1077506e-01
   9.0942270e-01
  -6.6064393e-02
  -7.2675744e-01
  -5.0838131e-01
  -6.4345674e-01
  -1.0840958e+00
   1.2329015e+00
  -2.0850131e+00
  -9.2157756e-02
   1.2962555e-01
   2.0629267e-01
  -2.1348076e-01
  -1.5269838e+00
  -5.4421902e-01
  -1.0278122e+00
   6.8755631e-01
  -3.9327924e-01
   4.7565834e-01
  -6.3453204e-02
  -5.5904750e-01
  -7.3539704e-01
  -1.3866199e+00
  -7.9917366e-01
  -6.1121940e-01
  -1.1022349e-01
   4.1425870e-01
   2.3009527e-01
   8.5703100e-01
   4.8208732e-02
   1.0233485e+00
  -1.8199287e-01
  -2.9012838e-01
   8.1520391e-01
   3.2233233e-01
   1.3837468e-01
  -4.5101250e-01
  -1.5304060e-01
  -8.7900213e-01
  -1.9270694e-01
   1.9488557e-01
   1.5948781e+00
  -4.4194329e-01
  -4.2197083e-01
   2.2580915e-01
   1.4640549e-01
   9.6901688e-03
   1.0759872e-01
  -2.0495315e+00
   1.3140299e+00
   6.1804025e-01
  -4.1926490e-01
  -6.5461894e-01
  -6.9014672e-01
  -1.6792687e+00
  -2.4816894e-01
   1.1933549e+00
  -1.5635730e+00
  -1.7451892e+00
  -2.4094730e-02
  -1.3481895e+00
  -2.8720563e-01
  -7.5126504e-01
   4.3172515e-01
  -4.3123900e-01
   1.2185488e-01
   4.2056701e-01
   4.0485047e-01
   4.8372997e-01
  -2.9332601e-01
  -2.4694777e+00
   2.5220914e-01
  -9.2917262e-01
   5.3184551e-01
  -1.3263118e+00
   1.0240248e+00
  -9.0126457e-01
  -6.5581629e-01
   3.9817142e-01
   2.3453116e+00
  -9.4529466e-01
   1.7895027e+00
   4.9043622e-01
  -8.9293645e-01
   7.6420604e-01
   2.2181690e-01
  -4.6993832e-01
  -4.3710564e-01
  -2.0513971e+00
  -1.6079263e-01
   5.3075011e-01
   2.6452400e-01
  -3.3193621e-01
   1.0650741e+00
  -3.9640199e-01
   6.1584665e-01
  -1.1577666e+00
  -1.9303874e-01
   2.8629647e-01
   7.2121907e-01
   3.8690493e-02
   3.4314478e-01
   1.2560980e+00
   1.2441861e+00
  -5.6312299e-01
   2.3461755e-01
   1.5473411e+00
   1.6698147e-01
   3.1500560e-02
   1.4188402e+00
   8.9203619e-01
  -6.5706503e-01
   3.7980005e-03
  -1.1240728e+00
  -2.4869596e-01
   8.9867012e-01
  -1.2880944e+00
   1.0216136e+00
  -3.8424968e-01
  -6.9742625e-01
  -7.3441893e-01
  -2.1297391e+00
  -9.4251717e-02
  -1.1520457e+00
  -1.6791688e+00
  -4.9894417e-03
  -5.8749717e-01
  -3.9926894e-01
   1.2420923e-01
   1.6437822e-01
  -3.5008591e-01
  -2.8528617e-01
  -3.9782645e-01
  -2.5637975e-01
  -9.3547408e-01
  -1.3074692e+00
  -1.1252888e+00
   5.2786271e-01
   5.4423048e-03
   8.9986362e-01
   1.1799861e+00
  -7.6370442e-01
  -1.0566742e+00
  -1.8606377e+00
  -2.1111027e-01
   6.9129810e-01
   1.4982046e+00
   7.6072898e-02
  -4.6479094e-01
   2.2029349e-01
  -8.2178856e-01
   9.0595625e-02
  -8.0848465e-02
  -1.2384605e+00
  -3.3642744e-01
   4.6254179e-01
   1.4246669e+00
   5.5028230e-01
   1.9425181e+00
  -6.9362140e-01
   1.8508831e-01
  -1.6687079e-01
   1.4751592e-01
  -1.0763054e+00
  -1.0340995e-01
  -3.1535882e-01
  -3.7326206e-01
  -3.6425193e-01
  -2.5827332e-01
