   2.1541256e-01
  -1.9819061e+00
   7.1173398e-01
   1.9608741e+00
  -4.1661656e-02
  -1.5007239e-01
   6.0624491e-01
  -8.3195901e-01
   3.0950824e-01
   2.5553044e+00
  -8.7965808e-01
   7.4854464e-02
   4.1819442e-01
   4.4742865e-01
   8.7793687e-01
  -2.0782911e-01
  -7.4789440e-01
  -6.3207439e-02
  -1.9370325e+00
  -2.1898802e-01
   2.2318618e+00
  -5.6434247e-01
   3.7089110e-01
   5.1764755e-01
   4.0798842e-01
   7.8779190e-02
  -6.4814296e-01
   3.6616463e-01
   2.5522091e-01
   1.7487267e-01
   6.2325524e-01
  -1.7013550e-01
  -1.1924502e+00
  -7.7028586e-01
   7.1317015e-01
   1.0504404e+00
  -6.3568523e-01
  -1.3500596e+00
  -1.0330074e+00
   1.0312234e+00
   9.3709474e-01
   8.0312712e-01
   9.9304344e-01
  -2.9102506e-02
   1.6131075e-01
   7.3409326e-01
   9.4167540e-01
   2.6037131e+00
  -9.8319581e-01
   1.1470338e-01
   4.4900541e-01
  -1.1811384e+00
  -1.5147128e+00
   1.6636561e-01
  -7.2021238e-01
  -7.6074353e-05
  -9.7390243e-01
  -9.9567897e-02
   1.0344031e-01
  -2.2655498e+00
   7.7475544e-01
  -2.0586867e+00
   2.6078839e-01
   2.2192226e-02
   2.3679869e-01
   1.5572384e+00
  -1.5741818e+00
  -7.0216493e-01
  -7.7898991e-01
   1.5847471e+00
   1.3448152e+00
   7.2315002e-01
  -1.5913109e+00
  -4.7057458e-01
   5.3713263e-01
   3.6041700e-01
  -6.6369173e-01
   1.5413658e+00
  -5.8962151e-01
   3.9595058e-01
   2.0445007e+00
   1.7727362e+00
  -2.0051023e-01
   7.7232370e-01
   1.7200044e+00
  -9.7210663e-01
   9.8559757e-01
   1.9088541e+00
   1.0316617e+00
   1.2658263e+00
   1.4644653e-03
  -1.3133840e+00
  -7.4258581e-01
   1.5845620e+00
   7.3718533e-02
   8.4647119e-01
  -1.0378446e+00
  -1.8147525e+00
  -2.0970814e+00
   2.8551868e-01
  -2.1790063e+00
   1.4552318e+00
   1.1656071e+00
   3.0795128e-01
   1.0470861e+00
  -1.0690758e-01
  -1.8357208e+00
  -1.2612905e-01
  -6.7804907e-01
   1.2650400e+00
   3.4814314e-01
   4.1348965e-01
  -3.7451435e-01
  -8.9425241e-01
   2.8035344e-01
  -4.3825559e-01
   1.3925479e+00
  -3.6737749e-01
  -7.9542689e-01
  -2.1839812e-01
   1.0819980e+00
  -5.6699827e-01
  -9.5499384e-02
  -1.4779762e+00
   1.2210693e-01
  -3.8311619e-01
  -4.4894979e-01
   1.4455328e-01
   2.7061289e-02
  -2.5350454e-03
   3.0073496e+00
   1.0467306e+00
   1.6897330e+00
   1.6665272e+00
  -2.8750152e-01
  -4.8700548e-01
  -1.6691816e+00
  -9.7526499e-01
  -2.8579688e-01
  -9.2190933e-02
   3.2527773e-01
   1.5378654e-01
  -1.1933850e+00
  -3.3034398e-01
   1.7382949e+00
  -3.0276427e-01
  -9.2345488e-01
  -2.5556650e-01
   3.3679309e-01
  -3.8916627e-01
  -4.2914582e-01
  -3.4537395e-01
   1.1947576e+00
   8.4475834e-01
  -7.5475139e-01
  -7.5055111e-01
  -1.7510883e+00
   1.1342118e+00
  -1.0816355e-01
  -2.4368059e-01
   1.8020780e-01
  -1.3082789e+00
  -9.2730829e-01
   1.8473956e-01
  -3.2342472e-01
  -2.0696442e+00
  -7.7690905e-01
   2.6626814e-01
   1.0776113e+00
   8.9024401e-02
   1.4597825e-01
  -4.8314024e-01
   2.1125482e-01
   5.4570460e-01
  -9.0864932e-01
   1.0596933e+00
  -1.6723669e+00
  -4.6121573e-02
  -2.3286496e-01
   1.6579591e+00
  -3.1510459e-01
   3.2528110e+00
  -2.7518483e-01
  -7.2157315e-01
   2.3459280e+00
  -1.8623369e-02
  -2.5805187e-01
   1.4674075e-01
  -1.0093652e+00
  -1.4705670e+00
  -6.4920410e-01
   7.0548383e-02
   1.1510160e+00
   1.2214678e+00
   4.8586655e-01
   1.2084332e+00
   2.6448846e+00
   6.5719393e-01
   9.7213558e-01
  -3.0338902e-01
   1.2094771e+00
  -1.1364200e+00
  -3.3345452e-01
  -8.6597480e-01
  -5.6315330e-01
   2.0094235e+00
  -2.0641398e-01
  -4.2974197e-01
   1.0437269e+00
  -3.1805853e-01
   3.2403306e-01
   5.5794050e-01
  -8.7460480e-01
  -3.5746386e-01
   1.9401291e+00
   1.3858893e-01
   9.1665081e-01
   1.2889938e+00
   5.8316954e-01
   1.2698503e-01
   1.2959541e+00
  -1.2724136e+00
   1.2208358e+00
  -2.1281422e+00
  -1.2775109e+00
  -4.3234311e-01
  -8.6368621e-02
  -1.6486842e+00
   7.8520802e-01
  -7.7123324e-02
  -1.1083778e+00
  -1.2046293e+00
  -9.7160832e-01
  -8.4566051e-01
  -1.2796718e-01
  -5.4686402e-02
  -5.9253053e-01
  -8.5598613e-02
  -6.5492597e-01
   1.7864230e-01
   1.5656637e+00
   8.7058960e-01
  -4.1370797e-01
   1.4709963e-01
  -1.6142856e-01
  -4.3190911e-01
  -3.1704384e-01
   1.1236781e+00
  -5.5164351e-01
   1.9238343e-01
   6.2290129e-01
  -1.0444332e+00
  -1.5227712e+00
   7.7850057e-01
   3.9001283e-01
  -5.3959474e-01
   1.1422192e+00
   3.2017224e-01
  -4.1172890e-01
  -4.4576022e-01
  -5.0716259e-01
  -1.1053460e+00
   2.7596315e+00
  -2.2959759e+00
   2.7600191e-01
   5.7124080e-03
  -1.2946679e+00
  -1.4722341e-01
   3.9396135e-01
   1.0369279e+00
   1.1394090e-01
   5.8737697e-01
   1.7693424e+00
  -1.0996868e-01
  -5.7859900e-01
  -1.4431946e+00
   8.5760947e-01
  -5.1407083e-01
   1.4365343e+00
   7.2891030e-02
  -1.3576969e-01
  -5.6864135e-01
  -5.2024917e-01
  -1.2739092e+00
   6.0534007e-01
  -4.2380667e-01
   6.4517359e-01
  -1.7055419e+00
   3.4755996e-01
  -9.2228333e-01
  -1.5780662e+00
  -2.3706099e-01
   6.2106144e-01
   1.0408284e+00
   1.2435989e+00
  -3.8164099e-01
  -9.6743939e-01
   3.0586915e+00
  -5.5410290e-01
  -7.1040670e-01
   4.7848695e-01
  -1.0827396e+00
  -6.7180285e-01
  -1.5380202e+00
  -2.0103921e-01
  -1.1337184e+00
   3.9148713e-01
   1.8984596e-01
  -7.2371652e-01
  -3.8629198e-01
  -5.7492396e-01
   1.6987328e-01
  -6.5960249e-01
   2.7293694e-01
  -8.5354785e-01
   5.9022606e-01
  -1.6627522e-01
  -2.0600353e+00
   1.9193220e-01
   9.5064059e-01
   1.2716353e+00
   2.3057478e-01
   1.4866915e+00
   6.9537307e-01
   2.1164141e+00
   2.6720926e-01
   4.8200225e-01
   4.3809625e-01
   5.6034199e-01
   8.3567289e-01
   1.0707195e+00
  -9.9021735e-01
  -1.2996562e+00
   1.3419407e+00
   9.7079069e-01
  -8.4979523e-01
  -4.9387922e-02
   1.8572482e+00
  -1.1609076e+00
   3.3049663e-01
  -1.3903523e+00
   1.7398324e-01
   3.0908139e-01
  -1.8284385e-01
   9.4688208e-01
  -1.3672638e-01
   1.1922425e+00
   1.1014286e+00
  -2.7674550e-01
   2.6170047e-01
   2.1152209e-01
   9.7143830e-01
   1.2501602e+00
   7.9766188e-01
   2.7899755e-02
  -8.9040584e-01
  -1.2894539e+00
   1.1050777e+00
   2.0056996e+00
   2.7237922e-01
  -6.8548344e-02
   9.4055839e-01
  -1.6864145e+00
  -2.6015488e-01
  -2.0053683e+00
   4.2975712e-01
   2.9374624e-02
   3.3015136e-01
  -4.2923103e-01
  -1.8710105e+00
   9.9816837e-01
  -6.5605915e-01
   1.8046059e-01
   9.5503147e-01
   5.7545540e-01
  -8.2948015e-01
  -2.6046473e-01
  -2.1653662e-01
   9.9529663e-01
   1.2916626e+00
  -1.0654210e+00
  -1.0194381e+00
   1.3138487e-01
  -1.2038000e-03
   2.0219423e-01
  -1.0525190e+00
  -1.3452304e+00
  -7.9278989e-02
   1.2416265e+00
   6.3567115e-01
  -1.1878394e-01
  -3.8456210e-01
  -1.1263222e+00
   9.0383371e-01
   8.5881799e-01
  -1.6623214e-01
   3.8942096e-01
   2.7396943e-01
   9.3150310e-01
   1.6483895e+00
  -1.7665450e+00
  -3.0843480e-01
  -8.0881759e-02
  -1.2815926e+00
  -2.9144528e-01
   8.1624868e-01
  -7.6055019e-01
  -2.1092229e+00
  -1.0233038e+00
   2.8861036e-01
  -7.6500362e-01
   9.5127646e-01
  -5.5997452e-01
   2.3227359e-01
  -5.9858673e-01
   6.3413170e-01
  -1.6455747e+00
   1.6476934e+00
  -2.1946822e-01
  -1.3843862e-01
  -1.4308814e+00
  -1.6345002e-03
  -7.0544055e-02
  -1.2097457e+00
   5.9862123e-01
   2.0194693e+00
   1.1948856e+00
  -6.3161812e-02
   5.5974371e-01
   2.1500148e-01
   4.2203862e-01
  -2.0716303e+00
  -9.0964451e-01
  -2.8527502e-01
   6.3634874e-01
   3.6623325e-01
  -1.0243679e-01
  -2.1672384e+00
  -1.4302718e+00
   1.3435930e+00
   1.3804724e-01
   1.7499128e-02
  -3.3849541e-01
   2.9153450e+00
  -6.8693469e-01
  -1.4236379e-01
   5.3876181e-01
   1.3282234e+00
  -1.3104018e-01
   9.7013225e-01
   9.9857124e-01
   2.6285052e-01
  -1.3183349e+00
   8.0647026e-01
   1.0434415e-01
   1.5567019e+00
  -8.4178586e-01
  -3.4837322e-03
  -5.0506339e-01
  -1.8451229e+00
  -1.0525271e+00
  -1.9628364e+00
   1.6968672e+00
   2.4264373e-01
   6.0269731e-01
   2.0677181e-01
   1.1232577e+00
   1.5197555e+00
  -4.0614530e-01
  -9.6616622e-01
   1.1088181e+00
   2.2532815e+00
  -2.1988394e-01
  -7.6108310e-01
   3.3448177e-01
  -9.4411190e-01
  -7.7986630e-01
   6.7844785e-01
  -2.1996474e-01
   5.2864800e-01
  -5.0380723e-01
   5.8741882e-01
   3.4405039e-01
   5.1955364e-01
   1.1771975e+00
   8.7521628e-01
  -1.5440495e+00
   1.8288448e+00
  -1.2453374e+00
  -1.7680161e+00
   9.5916498e-01
  -7.8267374e-01
  -1.8993805e+00
  -4.3281035e-02
   1.8434865e+00
   8.9775368e-01
   6.9499801e-01
  -1.0705170e+00
  -8.0791956e-01
   9.2459777e-01
   1.3292460e+00
   1.1161258e+00
   5.5772359e-01
  -1.0223957e+00
  -1.8541531e-01
   1.2346408e+00
   1.4159910e+00
   4.0442777e-01
   1.1399499e-01
   3.5141198e-01
  -4.6849077e-01
   8.6608792e-01
   2.3563688e-01
   4.8197878e-01
  -1.3877921e-01
   3.3029412e-01
  -6.0974770e-01
   1.6248130e+00
  -2.6876484e-01
   7.1945123e-01
  -1.9433802e+00
   1.0083910e+00
  -3.5634750e-01
   6.3336075e-01
  -4.1595132e-01
   6.9558371e-01
  -5.2294893e-01
  -4.2020575e-01
  -9.5681584e-01
  -1.4952893e+00
   4.3614500e-01
   1.1196578e+00
   1.6831509e-01
  -6.5017989e-01
  -1.1401968e+00
  -9.7121141e-01
   1.7920707e+00
   1.0843040e-01
  -1.0753746e+00
  -1.1145431e+00
  -7.3902032e-01
  -2.1035790e-01
   2.0430438e+00
   5.0995314e-02
  -1.2417222e+00
  -7.2082453e-01
  -9.8142155e-01
   1.3615246e+00
   2.0354990e+00
   1.5637746e+00
  -3.3550140e-01
   1.2277799e+00
  -3.5126458e-02
  -1.2119138e-01
  -1.0793063e+00
  -2.3875061e-01
  -7.7292534e-01
  -2.2342569e-01
  -6.2907779e-01
  -3.2695152e-01
  -1.5754350e+00
   5.4153802e-01
  -1.2718197e+00
   3.4682392e-01
  -6.1524860e-01
  -8.3818393e-01
  -1.8481410e+00
  -2.9712279e-01
   9.2328461e-01
   1.6867230e+00
   5.4728745e-01
  -1.2643712e+00
  -2.0959144e-01
   1.1097976e+00
   5.1165706e-01
  -6.1548325e-01
   2.3624142e-01
   9.0895407e-01
  -3.7813365e-01
  -7.4248117e-01
  -8.0007488e-01
   5.2261550e-01
   5.0046530e-01
  -4.8137074e-01
  -1.5091492e+00
   1.1366395e-01
  -2.6447162e-01
   8.4827957e-02
   1.4253947e+00
   3.0619471e-01
  -8.2956573e-01
   2.1469768e+00
  -6.7052530e-01
  -4.9043315e-01
   5.5425713e-01
  -1.3666960e+00
   1.4032331e-01
  -3.9547130e-02
   2.0627195e+00
   1.2516545e+00
   3.9572182e-01
  -1.0870702e+00
   5.2062296e-01
  -3.5659969e-01
  -5.2625412e-01
  -1.8595048e+00
  -2.2905802e+00
   3.4707260e-01
   4.5031121e-01
  -3.7801863e-01
   6.3488393e-01
   3.1672938e-01
  -1.3865547e+00
  -1.2284838e+00
   1.1772833e+00
   4.5814815e-01
  -3.1811635e-01
  -1.0458822e+00
   2.5870851e-01
   2.4557075e-01
  -1.8521146e+00
   9.4300881e-01
   6.1106544e-02
   3.3441699e-01
  -1.3209247e+00
   1.6472339e+00
   8.3594464e-01
  -8.2600352e-01
  -2.0408848e-01
  -6.1613953e-01
   4.1626923e-01
   8.0718428e-01
   3.6855420e-01
   4.7315517e-01
   5.3582624e-01
  -1.0805360e+00
   7.1284964e-01
  -8.7175396e-01
   6.1536323e-01
  -1.0943510e+00
   1.0999106e+00
   4.2017691e-01
   7.9247736e-01
  -6.7504410e-01
   7.8472798e-01
  -7.5255754e-01
  -3.7310503e-01
  -2.7068859e-01
   5.1124283e-01
   1.2797396e+00
  -2.3413977e-01
  -2.0657834e-01
   3.0834838e-01
  -6.7275746e-01
   1.4549955e+00
   1.0545370e+00
   9.4236492e-01
  -4.6378129e-01
  -1.5842231e+00
  -8.6463338e-01
   4.2562059e-01
  -6.3777896e-01
   3.1088415e-01
  -6.7470709e-01
   2.0176272e-01
  -1.8657000e-01
   3.9377690e-01
  -1.6666277e+00
   1.3172984e+00
  -1.9843712e-01
   3.8441723e-01
   1.8591752e+00
   1.0938580e-02
   1.1463209e+00
  -3.2788813e-01
   1.0261127e+00
   4.6526090e-01
   8.6795702e-03
  -2.8429835e-01
   5.5383412e-01
  -9.3695653e-01
  -9.1492264e-01
   9.8048978e-01
   6.5810058e-01
   5.6754461e-01
  -3.8926975e-01
   1.0686149e-02
  -1.4628151e+00
  -1.3049282e+00
   4.1449655e-01
  -1.0731036e+00
   1.3671472e-01
  -1.5581760e+00
  -4.4644622e-01
  -9.3870019e-01
   5.5632807e-01
   9.3990378e-03
   2.7234567e-01
  -1.1460350e+00
  -1.1883139e+00
  -1.2577979e+00
   1.0708310e+00
   6.0297618e-01
   1.8784120e-01
  -7.8888755e-01
  -1.0757188e+00
   9.9130314e-01
   4.9675948e-01
  -1.0979177e+00
   1.6485794e+00
  -1.7640636e+00
   3.2548931e-01
   6.7487708e-01
   1.5340542e-01
  -9.6480317e-01
   2.5331817e-01
  -2.1183956e-01
   2.0196345e-01
  -3.1503036e-01
   5.1371783e-01
  -5.0150871e-01
  -1.2992986e+00
   9.0961515e-01
   9.7671188e-01
   8.3914362e-01
  -1.6022925e+00
   4.4183083e-01
  -1.0853775e+00
   8.9310509e-01
   9.4576653e-01
   1.0142658e+00
   1.8177369e+00
  -1.4267701e+00
   3.8697955e-01
   1.5780750e+00
   3.1841756e-02
   2.7299881e-02
  -7.0114259e-01
   1.1091989e+00
   2.6586032e-01
   1.2117969e+00
  -1.0323327e+00
  -8.3080100e-01
   4.2126425e-02
   1.9374961e-01
  -9.4879641e-01
   3.6957487e-01
  -2.7815589e-01
   1.2718530e+00
   5.5363215e-02
   2.6324562e-01
  -8.9491253e-01
  -1.6750152e+00
  -2.3246005e+00
   2.0092164e+00
   5.9549030e-01
   1.4857513e+00
  -1.4679767e-01
  -1.5617935e+00
  -1.1380196e+00
  -1.1818844e+00
  -2.4044195e+00
   6.8544550e-01
  -9.5148770e-01
   2.9706640e-01
   1.4505042e-01
  -6.6765340e-01
   1.2689995e+00
