   1.1075902e+00
  -1.9689869e-02
   5.8613415e-01
   7.2484525e-01
  -8.6586509e-01
   7.9010448e-01
  -1.4669250e-01
   6.8417456e-02
   9.3223576e-01
   4.9498002e-01
   1.2783307e+00
  -6.1999968e-01
  -5.2993135e-01
  -3.5014899e-01
  -1.9118274e-01
   1.6379433e-01
  -7.0694354e-01
   2.2963282e+00
   4.2761636e-01
   1.6118132e+00
  -6.5122231e-01
  -9.5335368e-01
  -1.0385623e+00
   5.5351352e-01
   4.8675084e-01
  -8.2982190e-01
  -1.9611874e+00
  -1.3617226e+00
   1.9703414e-02
   7.3906525e-01
   1.7400578e+00
   6.8915969e-01
   7.4760718e-01
  -1.8278361e-01
  -7.1103604e-01
  -1.9504566e+00
   3.7763172e-01
  -1.3213669e+00
  -2.6352027e+00
   1.2030408e+00
  -8.0054811e-02
   4.0283864e-01
  -1.1493667e+00
  -2.1439793e-01
   1.2750906e-01
   2.2386761e+00
   6.6232400e-01
  -7.1234883e-01
  -2.9656456e-01
  -1.1199285e+00
   1.0871655e+00
  -3.9403840e-01
   1.3356235e+00
  -2.9299663e-01
  -1.0780581e-01
  -1.0883319e+00
  -8.1012650e-01
   1.1069790e+00
   1.0235897e+00
  -7.5150771e-02
   1.1698604e+00
   2.6401048e-01
  -1.3639758e+00
  -9.2763270e-01
  -7.7790622e-01
  -3.6399014e-01
   2.0260128e-01
   1.8329947e-01
  -6.5205292e-01
   3.1349416e-01
  -1.0321609e+00
   3.1499294e-01
  -1.8741100e+00
  -1.5652373e-01
   9.1034838e-01
   1.4454185e-01
   1.3919353e+00
  -2.5688957e-01
   1.9367791e-01
  -4.4944421e-01
  -2.6992043e-01
   6.9003114e-01
   3.8693391e-01
  -1.5278899e+00
  -9.0868549e-02
   5.0991231e-01
  -4.9345085e-01
  -1.0155738e+00
   2.1732512e-01
   7.0329777e-01
   9.9310181e-01
   2.4791742e+00
   1.1106428e+00
   4.8151720e-01
   5.6974787e-01
   8.1893707e-01
   6.0857918e-01
  -2.7340211e-01
  -1.7439461e+00
   1.8689215e-02
  -1.4833475e+00
  -1.8244291e-01
  -5.0927349e-01
  -1.7238216e-01
   1.5965128e+00
   1.1954233e+00
   1.9710088e+00
  -4.1495207e-01
  -1.7961960e+00
   1.2966728e+00
   4.7798841e-01
   1.8149265e-01
  -1.2752919e+00
   7.8141788e-02
  -8.7693030e-01
  -1.9136904e-01
  -7.4912709e-01
  -5.3118463e-01
   1.6369013e+00
   1.9849515e+00
  -5.3635736e-01
  -5.2680882e-01
   6.9813012e-01
   8.0216250e-01
  -1.5800073e+00
  -7.7983212e-01
  -1.1434768e+00
   4.6297701e-01
   1.2856119e+00
  -3.7580797e-01
   6.0781062e-01
  -7.4159757e-01
  -4.4873797e-01
   1.2782383e+00
   1.9943754e-01
   5.5656574e-01
   8.8042740e-01
  -1.0638588e+00
   8.4267949e-01
  -7.5642639e-01
   9.8144028e-01
   8.9289775e-01
   1.3478700e+00
   4.3822222e-01
   7.6773585e-01
  -4.3339236e-01
  -1.4761727e+00
  -5.1002308e-01
   6.8941698e-01
  -4.5765711e-01
   1.2327241e-01
   1.0738428e+00
   1.5729547e+00
  -7.7114648e-02
  -8.3192083e-01
  -7.0911387e-01
   1.8839830e+00
  -1.8480874e+00
   2.0807979e-01
  -3.2335562e-01
  -8.9696965e-02
  -1.7777022e+00
  -1.4662050e+00
   1.5835412e+00
  -1.7547472e+00
   1.5159923e+00
  -3.1310484e-01
  -2.4288079e-01
  -3.6779344e-01
  -9.2313062e-01
   7.0184142e-01
  -3.4041508e-01
   3.8206082e-01
   9.6084534e-01
   3.4072576e-01
  -3.1180590e-02
   1.3005795e+00
  -1.1767989e+00
  -9.7638914e-01
  -1.8365830e-01
  -1.8464814e+00
   5.9270284e-01
  -5.8256505e-01
  -3.4113998e-01
  -5.7274419e-01
   1.9873937e+00
  -6.0818332e-01
  -1.6104905e-02
  -4.9918284e-01
   1.6262184e-01
   4.6287933e-02
   7.3815314e-01
  -1.1900175e+00
  -3.4665394e-01
  -1.8161761e+00
   2.6423302e-01
   9.3768856e-01
   4.0846630e-01
  -8.3720198e-01
   5.1347588e-01
  -5.3029029e-01
  -1.6078144e-01
   4.8631908e-01
  -1.6294133e+00
  -8.9065074e-01
  -4.4631327e-01
   2.6534077e-01
  -2.2565439e-01
  -1.5810926e-01
  -4.8295383e-01
   1.8304666e+00
   3.2041716e-01
  -9.7029079e-01
   4.1824764e-01
  -2.1355375e+00
   9.1039544e-01
  -2.1588778e+00
   5.9735425e-01
  -1.6785333e+00
  -2.1841847e-01
  -1.3131793e+00
   2.2760810e-01
  -6.7269626e-01
  -4.4476859e-01
   1.7271752e+00
  -1.0110061e+00
   8.4892440e-01
  -7.6674374e-01
  -4.0057886e-01
   1.2700435e+00
   4.7821542e-01
   4.4276970e-01
   1.1542324e+00
  -5.8810763e-01
  -1.6662775e-01
   3.9633717e-01
   2.2551266e-01
   9.1701362e-01
  -1.7596457e+00
  -9.0756906e-01
  -1.2612895e+00
  -1.5467284e+00
   5.8806181e-01
  -4.4268899e-01
  -1.0563030e+00
  -1.9987190e-01
  -1.7385973e+00
  -1.2232963e+00
   3.1239721e-01
  -1.7301538e+00
   1.5037819e+00
  -1.3148743e+00
  -5.5081265e-02
  -7.2485787e-01
  -1.6991750e-01
   4.1195564e-01
   1.2233642e+00
   1.2152738e+00
  -4.2624723e-01
  -1.7953451e-01
   2.4436711e-01
   1.6594810e+00
   8.9947897e-01
  -1.6389043e+00
  -7.3351580e-01
  -1.1253048e+00
  -9.4035125e-01
   7.1638916e-01
  -4.6946125e-01
   1.6000137e+00
   5.2585571e-01
   3.2118849e-01
   2.0952629e+00
  -3.9012804e-01
   3.6881430e-01
   6.1224995e-01
  -6.4318865e-01
   1.8674919e-01
  -1.4178382e+00
   1.0335631e+00
   1.8982487e+00
   3.0799298e-01
  -2.1883551e+00
   1.8815040e+00
  -1.2800462e+00
  -1.2693642e+00
  -8.6150632e-01
  -2.6905085e-01
  -1.3885013e+00
   3.0489817e+00
  -9.3187058e-01
   8.8456082e-01
   6.8472240e-01
  -8.4659989e-01
  -9.2009022e-01
   1.6819373e+00
   7.2498750e-01
  -1.1012138e+00
  -2.8001246e-01
  -1.1283240e-01
   6.3774311e-01
   9.7697216e-01
   1.0029315e+00
   9.7508437e-01
   2.9773685e-01
   1.6825549e+00
  -8.4133420e-01
   2.0818447e+00
   6.7915838e-01
   1.4586190e+00
  -2.2127400e-01
  -7.7378136e-01
   5.3860031e-01
   4.7658903e-01
   4.9003957e-01
   2.0583231e-01
   6.8023330e-01
   4.9998795e-01
  -7.6963735e-01
  -1.3668553e+00
   4.5851428e-01
   1.7235169e-01
   4.9553145e-01
  -1.4838706e+00
  -6.4668035e-01
   1.9986432e-01
   1.3448631e+00
  -1.1977934e+00
   1.3108855e-01
   2.1933662e-01
   2.8563297e-01
  -8.1061512e-01
  -8.1673741e-01
  -5.4847688e-01
   6.8704812e-02
   4.8662484e-01
   2.0682443e+00
  -1.5984502e+00
   9.9117854e-01
   1.0432691e+00
  -1.0079386e-01
  -9.4775041e-01
  -3.4661073e-01
  -3.3626313e-01
   5.7817279e-01
   2.4411423e-01
   7.1628402e-01
  -7.9975416e-02
   5.8579015e-01
  -9.7557168e-02
   1.7925353e+00
  -7.0486474e-01
   7.3295761e-01
   2.2555019e+00
  -5.8129470e-01
   7.0610653e-02
   7.6920404e-01
   9.0373786e-02
   9.5401664e-01
   2.9615247e-01
   1.3670472e+00
  -2.1625191e-01
  -1.7282587e+00
   7.8932657e-01
  -3.6019584e-01
   4.7136545e-02
   6.3113509e-01
  -1.9396646e+00
  -3.5927649e-01
   5.8748448e-01
  -2.2806382e+00
  -1.1168671e+00
  -8.1648598e-01
  -4.8532653e-01
   6.6501897e-01
  -1.3283128e+00
  -1.2615899e-01
   6.3291425e-01
   4.6997901e-01
   6.3515745e-02
   5.5624540e-01
   1.5755808e+00
   1.2563312e-01
   1.6255982e+00
   1.7997885e+00
  -4.8136642e-01
  -3.9253742e-01
   6.0740953e-01
  -7.5156625e-01
  -1.6553692e+00
   2.7173639e-01
   4.3543567e-01
   1.9720793e-01
  -9.6200295e-01
  -3.9220036e-01
   1.0303199e+00
   1.7998307e-01
  -1.9326882e-01
  -5.7405901e-01
  -3.6318091e-01
   2.9741216e-02
   3.0411079e-01
  -7.0210197e-01
  -9.9578396e-01
   4.3829626e-02
   1.6304099e-01
   3.4175267e-02
  -6.1575165e-01
  -1.6599884e+00
  -1.7172393e-01
   8.6575178e-01
   1.8107388e+00
   5.1669677e-01
   3.3607327e-01
   4.6281198e-01
   1.0802987e-01
  -8.1246867e-01
  -6.0956129e-01
  -1.1478631e+00
  -1.4572797e-01
   1.8402385e-01
   8.4055286e-01
  -4.0860877e-01
  -9.5863835e-01
   3.2681575e-01
  -1.4363744e+00
  -1.0429713e+00
  -1.6052430e+00
   5.9029210e-02
   3.2708950e-01
  -1.0086085e+00
  -2.3358497e-01
   6.4791408e-01
   2.3266264e-01
  -2.7809723e-01
   6.3167423e-02
  -1.7059653e-01
  -1.2828129e+00
   5.0689767e-01
   7.7600246e-01
   2.5301966e-01
   3.5147873e-01
   3.9519653e-01
   3.4241646e-01
  -4.5448988e-01
   4.0039605e-01
   4.9526589e-01
   1.3768858e+00
  -1.6907557e+00
  -1.5319171e+00
   6.5561022e-01
   1.1328016e+00
   3.1619374e-01
  -1.1974688e+00
  -5.7233863e-01
   1.0136870e+00
   1.2322172e+00
   7.0770364e-01
  -1.4719784e+00
   4.5258043e-01
  -1.9431388e+00
   2.2620354e-01
  -1.2025145e-01
   7.5855895e-01
  -1.2787692e-01
  -1.0357779e+00
  -3.0073161e-01
  -1.2264550e-01
  -1.4968213e+00
   3.0789829e-01
  -8.8212471e-01
   1.1146227e+00
   4.8630456e-01
  -4.9951822e-01
  -1.1148426e+00
  -1.6820794e+00
   8.9436573e-01
   1.3168689e+00
   2.6676597e-01
  -5.8989630e-01
   4.7629131e-01
   5.3787167e-02
   2.7337173e-01
   1.7258183e+00
  -2.0315030e-01
   1.1730719e-01
  -1.1744938e+00
  -7.2216932e-01
   1.0277115e+00
  -5.4945568e-01
  -1.8451282e+00
   5.6267504e-01
   5.7640622e-01
   5.1815661e-01
   8.2727539e-01
  -6.6860514e-01
   3.5785514e-01
  -2.5254687e-01
   4.3781898e-01
  -8.7546880e-01
   2.6690045e-01
  -2.0715384e-01
   1.9421029e+00
  -1.1788107e-01
   4.2122434e-01
   4.5984199e-01
  -5.0174495e-01
   1.1841121e+00
   4.0778624e-01
   1.0279580e+00
  -6.7743925e-01
  -8.0885726e-01
   5.4248772e-01
   6.8482075e-01
   6.1665844e-01
   9.8104886e-01
   7.2865115e-02
  -1.0830964e-01
  -1.0485597e+00
   9.2418845e-02
   5.6468090e-01
   1.2539461e+00
  -7.2767563e-01
   4.8212900e-01
   7.4339715e-01
   1.0969152e+00
  -1.3243268e-01
  -1.0807954e+00
  -4.1856341e-01
  -7.9079087e-01
  -1.7594251e-02
  -1.6406631e+00
  -6.5961641e-01
  -5.9120125e-01
   7.6876200e-01
   9.7914778e-01
   5.2412698e-01
  -6.5734345e-01
  -5.8248748e-01
  -1.7132466e+00
   1.3234224e+00
  -1.8442746e+00
   8.2928411e-01
  -1.1435650e+00
   5.2984478e-02
  -2.3154079e-01
   7.8759349e-01
   1.3981704e+00
  -2.5522466e-01
   1.3298566e+00
  -1.4307163e+00
  -1.3470363e+00
   6.5038948e-01
   5.4451871e-01
   1.5199368e-01
  -1.6447022e+00
   7.7295003e-01
   1.2208917e+00
