  -1.4542189e+00
  -5.3684409e-01
  -5.9844863e-01
  -3.7695118e-01
   1.6485260e+00
   3.5345633e-01
  -4.0300153e-01
   2.9777011e-01
   2.9261272e-01
   1.1639393e+00
   8.6626864e-01
   9.9473077e-01
   1.6386885e-01
   3.6471899e-01
   1.0616928e+00
   8.8825213e-02
  -1.5602559e+00
   1.7087668e-01
  -9.4165668e-01
  -7.5117358e-02
  -4.8219930e-01
  -6.9185731e-01
   1.1330263e+00
  -3.8366435e-01
  -2.4153342e-04
   7.2493139e-02
  -1.4297617e+00
   1.1679316e+00
  -1.4730375e-01
   8.0107100e-01
   2.7147594e-01
   1.1291275e+00
  -7.4157332e-01
  -1.7189749e+00
  -5.1409961e-01
  -6.3912689e-01
  -1.2145940e+00
   1.1407582e+00
   9.3819536e-01
   8.2366599e-01
  -1.8167609e+00
  -1.7345708e+00
   1.5575451e+00
   8.1167591e-02
   5.2360539e-01
  -3.4281333e-01
  -1.7146757e+00
  -5.5943253e-02
  -2.6592466e-01
   2.6818212e+00
  -1.1547325e+00
  -3.8335098e-01
  -9.6647734e-01
   1.9833773e+00
   7.0682415e-01
  -1.2173614e+00
   3.2160878e-01
  -1.2887312e+00
  -3.1919455e-01
   3.0379483e+00
   3.3820911e-01
  -1.0769470e+00
   2.3574298e-01
  -6.7303417e-01
  -1.0219672e+00
  -9.2951784e-01
   1.1633172e-01
   7.7494420e-01
  -7.2376413e-02
  -1.2930181e+00
  -7.6138132e-01
   1.7726471e+00
  -6.5593676e-01
  -4.5488369e-01
   1.2557690e+00
  -1.3283277e+00
   7.0522828e-01
  -4.3696361e-01
  -7.2463026e-01
   9.6435255e-01
   1.4070238e-01
   3.3014073e-01
   3.3646231e-01
   2.1662891e-01
  -8.5523371e-01
  -1.1585450e+00
   5.2371478e-01
  -5.4372101e-01
   1.6756511e+00
  -2.9632586e-01
   3.8095871e-01
   1.8774854e+00
  -4.6344936e-02
   3.5645593e-01
  -1.9219010e-01
   1.5311768e+00
   2.5570766e-01
   1.1643939e+00
  -3.5858770e-01
  -1.6126769e+00
  -3.0457238e-02
   1.2026201e+00
   7.5524293e-01
  -2.2423890e-01
  -2.9777182e-03
  -9.3137370e-01
   7.0300180e-01
  -8.1170991e-01
   3.3219759e-01
  -1.1327094e+00
   8.8527740e-02
   1.5797170e+00
   1.2103919e-01
   4.0867890e-01
  -2.7189765e-01
  -1.2601012e+00
   1.2883531e+00
   1.4912539e+00
   3.4685796e-01
   3.8400468e-01
   3.2635021e-01
  -1.3924401e+00
   1.3287002e-01
   7.2772191e-01
  -1.2319928e+00
   1.0985511e+00
  -8.6984623e-01
  -1.0210482e-01
  -8.6698709e-01
  -3.2813565e-01
   9.6341841e-01
  -9.0410699e-01
   4.2706707e-01
  -1.9902758e-01
   2.1445761e-01
  -4.1900815e-01
   1.2165423e+00
   1.5228154e+00
   6.2211203e-02
  -1.9301613e+00
   6.2305772e-02
   1.3750287e+00
   1.5775011e-01
  -3.6313584e-01
  -1.0111255e-01
  -3.0005734e+00
  -2.2037418e-01
  -4.6462431e-01
  -3.8988473e-01
  -6.3140203e-02
  -1.3855814e+00
  -1.5855227e+00
   5.9272360e-01
  -6.9387414e-01
  -4.8736188e-01
   7.0856880e-01
  -3.1884391e-01
   7.0073802e-01
   2.3555047e-01
  -3.0672805e-01
  -1.1454153e-01
  -9.8949064e-01
   6.2025978e-01
   1.0164381e+00
   6.9515632e-01
   3.7381918e-01
  -7.0019850e-01
  -1.6549172e+00
  -5.1262031e-01
   1.2434616e+00
   6.1936905e-01
  -4.3287419e-01
  -9.6928447e-01
  -1.0487009e+00
  -9.0437213e-01
  -2.5415641e-01
  -3.9015989e-01
  -8.1083438e-01
  -1.1045725e+00
  -6.9444450e-02
   2.1196236e-01
  -1.7908484e-01
  -1.8441057e+00
  -1.6470432e+00
   4.1213931e-01
  -3.6567845e-01
  -1.1208004e+00
   2.3982903e+00
   1.0976013e+00
   6.2791930e-01
  -1.6690154e-02
  -1.4241685e-01
   2.0988228e+00
  -9.2849932e-01
   8.3305345e-01
   5.2447249e-01
   6.0884248e-01
  -8.6829511e-02
   1.8033795e+00
   1.0929377e+00
  -1.5260860e+00
   3.1661708e-01
   5.8070573e-01
  -1.7389370e-01
   1.8872170e-01
   1.3042173e+00
   2.2421373e-01
   1.7001948e+00
  -9.0482551e-01
  -4.6082487e-01
  -2.6365403e-01
   4.7292176e-01
   4.1291720e-01
   9.3869070e-01
   6.0346384e-01
   3.2322895e-01
   6.9979377e-01
   1.3404778e+00
   8.1260591e-01
  -1.6328561e+00
  -8.7672003e-01
  -1.9275592e+00
   1.8855027e+00
  -3.3660132e-01
  -8.3635572e-02
  -1.7755256e+00
  -7.7332266e-01
   9.4729705e-01
  -1.0769035e+00
   1.7488224e+00
  -1.4861597e+00
  -1.2404675e+00
   4.2993501e-01
  -1.5216025e+00
  -2.4718944e+00
   4.9963177e-01
  -1.1992082e+00
  -5.0423947e-01
  -4.8553531e-01
   1.2388922e+00
   1.5304163e-01
   5.6579854e-02
   1.8297337e-01
  -2.0530325e+00
  -6.1279161e-01
   6.4905247e-02
  -3.7826622e-01
  -7.0221153e-01
   1.1469332e-01
  -2.5256294e+00
  -2.0978383e+00
  -2.3303790e-01
  -1.7769720e+00
  -6.1619727e-01
  -5.0082599e-01
  -3.4388210e-01
   2.8010060e-01
   7.0789224e-02
   8.0285301e-01
  -1.6090164e-01
   1.0865721e+00
   8.1798113e-01
   2.1641969e-01
   1.9377398e+00
  -9.8794738e-02
   4.9405655e-01
   1.1547898e-01
   1.3181348e+00
  -1.2981214e+00
  -8.9931393e-01
  -3.1246738e-01
  -1.3241896e-01
  -1.8628818e-01
  -4.9272287e-01
  -8.5362121e-01
  -1.5273849e+00
  -1.6221402e+00
   7.8021450e-01
  -2.0929894e+00
   3.0699345e-01
   6.8069469e-02
   4.6237190e-01
  -1.0728868e+00
   2.4006465e-01
   7.2115680e-03
   8.2332927e-01
  -6.0492698e-01
   1.8606442e+00
   1.0702114e+00
   1.8689494e-01
   2.8362783e-02
  -9.4667424e-01
   6.0799243e-01
   5.4580857e-01
   8.5181523e-01
  -1.7913733e-02
   9.0761025e-01
  -6.0830622e-01
  -1.5619805e+00
  -1.0190169e+00
   1.4791723e+00
   6.4601416e-01
  -1.2484643e+00
  -2.4666853e-01
   3.3781613e-01
  -2.6844697e-01
   1.5739720e+00
  -4.9934544e-02
  -3.1902485e-01
  -5.5856236e-01
  -4.3911936e-01
  -1.1553084e-01
  -2.0438550e+00
   8.6554673e-01
  -1.6749810e-01
   1.6443519e+00
   1.1334502e+00
  -1.1633947e+00
   5.6195571e-01
  -1.0713314e+00
  -1.0382431e+00
  -3.5997110e-01
  -1.4658957e+00
  -1.1404976e+00
   1.4846351e-01
  -1.2967265e+00
  -1.5870073e+00
   1.4176433e+00
   1.0392455e+00
   1.1342050e+00
   5.2777097e-01
  -7.0741375e-02
   1.3204856e+00
   1.6701900e+00
  -5.1711322e-01
   2.0304408e+00
  -1.6658061e+00
  -1.5947434e+00
  -5.8484153e-01
  -5.2223437e-01
   5.1035536e-01
   7.1611429e-01
  -7.1018342e-01
   9.5112051e-01
   6.9797651e-01
  -1.4538099e+00
   5.8549588e-01
   1.0772378e+00
  -1.0182615e+00
  -5.5332727e-01
   9.9870995e-01
   2.1957958e+00
  -3.4696651e-01
  -3.2420346e-01
   5.2937617e-01
  -2.5750600e-01
  -8.6034626e-01
  -1.2489737e+00
  -1.6591715e+00
   1.8749013e+00
   4.1247902e-01
   3.1507633e-01
   3.3741260e-01
  -7.9565778e-01
   5.3461118e-01
   1.1919352e+00
  -1.6283414e+00
   3.6270824e-01
   1.6535835e-01
   3.0117881e-01
  -1.0721780e-02
   3.9647106e-01
  -1.1046630e+00
   4.9946524e-01
   1.9451701e-01
  -3.5688008e-01
   4.8854721e-01
  -5.3093068e-01
  -4.7392550e-01
   4.5326675e-01
  -4.3476474e-01
  -1.5503932e+00
  -1.6039028e+00
  -7.8682415e-01
   1.8678759e+00
   2.2972230e+00
  -6.6852666e-02
  -1.5552173e+00
   5.0222735e-03
   6.8997052e-01
   2.5733311e+00
   1.7257476e+00
  -4.0078384e-01
  -1.1978630e+00
  -4.9311680e-01
  -1.1325528e+00
   1.3293019e+00
  -4.2361305e-01
  -1.7841487e-01
  -8.7468243e-01
   6.5960619e-01
  -9.2296265e-01
   7.2630985e-01
  -9.9763016e-01
   2.7866176e-01
  -4.8408841e-01
   7.3902218e-01
  -7.3003391e-01
  -7.2327557e-01
  -1.0032712e+00
  -1.2930905e-01
  -4.9923888e-01
  -5.5463299e-01
   9.3351425e-01
   1.2934197e+00
  -3.5110944e-01
   1.9127470e+00
   8.4753981e-01
   1.7299247e+00
  -1.0066951e+00
  -5.0428618e-01
   9.3605337e-01
   6.6776122e-01
   1.3481068e+00
   3.4145553e-01
   3.6326618e-01
  -3.1921046e-01
  -5.4882741e-01
   6.4483728e-01
   1.8730472e-01
  -3.6205640e-02
   5.0141550e-01
  -7.5200897e-01
  -1.0075157e+00
   6.6168638e-01
   2.8497901e-01
  -1.7587725e+00
  -7.4564701e-01
  -2.0010785e+00
   6.8480569e-01
   4.6650232e-01
   1.5296996e-01
   4.8447406e-01
  -6.6746961e-01
  -4.7535172e-01
   4.9225496e-02
   1.0712371e+00
   5.4918460e-01
  -5.4761864e-02
   1.1217776e+00
  -4.6277979e-02
  -5.9219615e-01
   9.0743995e-01
   3.1523689e-01
  -1.0996958e+00
  -1.0930023e+00
  -7.3166759e-01
   9.0394121e-01
   6.0230788e-01
   5.5551946e-02
  -1.7874717e-01
   1.9281795e-01
   1.3504385e+00
   7.5306979e-01
  -5.3640679e-01
  -1.8412508e-01
   5.3509185e-01
  -3.7849158e-01
   1.1253087e+00
   3.5172875e-01
   1.4346317e+00
  -2.3864239e-01
  -4.0352663e-01
   1.9988571e+00
  -1.5749092e+00
  -7.5031035e-01
   8.3566442e-01
   1.2987574e+00
  -1.1719748e+00
   8.1747621e-01
   8.0490877e-01
   1.3297684e+00
   7.7288485e-01
   3.5715993e-01
  -8.0754143e-01
   1.3036191e+00
   7.3858083e-01
  -9.2659029e-01
   6.4375050e-01
  -7.3905535e-01
  -1.3232330e+00
  -4.3659248e-01
   5.0237570e-02
   1.1833663e+00
  -2.2021842e-01
   1.2205267e-01
   3.4874075e-01
  -1.1680523e+00
  -2.9535321e-01
  -3.3277679e-01
  -7.2197218e-01
  -1.1930074e+00
  -1.1071688e+00
  -3.3776112e-01
  -6.5148968e-01
   1.4599507e+00
  -7.1562007e-01
   2.6081955e-02
  -3.7348650e-01
   1.5871681e+00
   1.4439181e+00
  -5.6060475e-01
   7.2117669e-01
  -6.4449350e-01
   9.1646181e-01
   2.1633414e+00
  -3.5328006e-01
  -7.8207349e-01
  -1.2081097e+00
   1.1413465e+00
   5.6967409e-01
   8.4362989e-01
  -2.3323358e-01
  -9.0200074e-01
  -5.8886665e-01
  -6.1893282e-01
  -8.8568573e-01
   1.3395541e-02
  -2.8253142e-01
   1.1015644e+00
  -4.9396900e-01
   8.0249521e-01
  -1.0079662e+00
   1.9220602e+00
   1.6812884e-01
  -2.6185677e-02
  -4.0465548e-01
  -5.3684970e-01
  -4.8573468e-01
  -3.5357268e-01
   1.2911640e+00
   5.3526762e-01
   8.2746839e-03
  -1.0066964e+00
  -1.6972581e+00
   1.8162178e+00
  -1.4523769e-01
  -1.3962768e-01
  -1.1318527e+00
   6.1262085e-01
  -9.0613694e-01
   8.8443597e-01
  -2.3600850e+00
   4.2088890e-01
   1.8345483e-01
   5.0080816e-01
  -3.3018587e-01
  -2.4135556e+00
  -9.6284192e-01
   2.7150485e+00
   9.7847822e-01
  -7.9943446e-01
   4.8398761e-01
   4.6523784e-01
  -2.4673219e+00
  -3.1955502e-01
  -2.0291487e+00
   1.1620256e+00
   9.4911960e-01
   1.4856515e+00
   2.0440262e+00
   8.0026723e-02
  -5.2773468e-01
   2.9604982e-01
   2.1998456e-01
  -1.6644027e-01
  -1.8087717e-01
  -1.0206403e+00
   4.5718420e-02
  -1.3502515e+00
   2.6408864e-01
   6.1873499e-01
   6.7018024e-01
   8.9923037e-01
   5.2905202e-01
   8.8045166e-01
  -1.2942665e-02
  -3.8326424e-01
   1.3958087e+00
  -1.8446802e+00
  -1.1089240e+00
  -7.9673008e-01
   5.8666549e-01
  -1.3698054e+00
  -4.4202036e-02
   5.0177947e-01
  -3.3445245e-01
   6.7565975e-01
   6.3661890e-01
   2.3866861e+00
  -1.4091610e+00
  -5.3558822e-01
   9.7962340e-01
  -1.5059050e-01
  -2.5551574e-01
  -7.0586158e-01
   1.1672165e+00
   7.7248742e-01
   8.7356280e-01
   1.9963948e-01
  -1.7885266e+00
   2.1275536e+00
  -7.9824151e-01
   5.5876494e-01
   1.5933973e+00
   1.5001298e-01
  -1.1524532e-01
   7.1353652e-01
  -3.4268760e-01
  -7.2238913e-01
  -2.2238907e+00
  -2.0893120e-01
   1.5294689e-01
   1.5124007e+00
   6.9418506e-01
   1.0408120e+00
  -2.1534405e-01
   1.3935350e+00
   9.2368653e-01
  -3.4667223e-01
   9.4793144e-02
  -1.4546456e+00
  -8.6343434e-01
   3.5780797e-01
  -8.1169160e-01
  -2.0285255e-01
   1.2303591e+00
  -6.9525235e-01
  -1.1332550e-01
  -1.0762198e+00
   7.3453106e-01
   5.5463931e-01
  -1.5022403e+00
  -8.6219579e-01
  -5.5489713e-01
  -2.6481305e+00
  -1.2682327e+00
  -7.8726736e-01
   5.5100488e-01
  -2.2846527e-01
  -1.1368479e+00
  -2.5988354e-01
   7.4312088e-01
  -1.3166575e-01
  -1.3186536e+00
   3.0071277e+00
   2.4675743e-01
   1.5170185e+00
   2.6926577e+00
   1.2445192e+00
  -1.1291519e-01
  -2.0495455e+00
  -1.5354230e+00
  -4.6779469e-01
   1.4910878e-01
   1.8213609e+00
   2.3982027e+00
   8.5791342e-01
  -1.2531153e+00
  -1.9644556e-01
   2.2339222e+00
   2.2944501e-02
  -6.4150542e-02
  -9.8527972e-01
   3.4239489e-01
  -5.4365298e-01
   4.3519621e-01
   1.1367490e+00
   1.7657257e+00
  -1.6748615e-02
   2.4608703e+00
   1.8079725e+00
  -8.4641888e-01
   1.6672207e+00
   4.8733123e-01
  -9.1846530e-01
   1.2705401e+00
   9.4920410e-01
   5.9084601e-01
   1.0547963e-01
  -1.0748194e+00
   2.4078590e+00
   1.2941860e+00
   1.7014524e+00
   4.9085714e-01
  -4.0774219e-01
   1.1909916e+00
  -1.3801225e+00
   4.5844407e-01
  -7.2270989e-01
   3.0503790e-02
   6.6631551e-01
   9.3272890e-01
  -3.5188543e-01
  -2.9670011e-01
  -2.5151477e+00
  -1.4740716e+00
   2.0699174e+00
   3.5638414e-01
   5.5536770e-01
  -1.2695886e+00
  -4.0672260e-01
  -2.0204179e+00
  -1.6021090e+00
  -1.5399960e+00
  -1.9104904e+00
  -1.3973177e+00
  -1.2509676e+00
  -7.9457666e-01
   1.2260360e+00
   1.9994138e+00
  -7.9197382e-01
   2.9256117e-01
  -1.6533786e-01
  -1.1797356e+00
  -1.0258157e+00
  -1.8825834e+00
   8.7634851e-01
  -3.0989962e-02
   1.0754817e+00
  -7.5025723e-01
  -4.0780964e-01
   5.3203994e-01
  -1.9126230e-02
   1.4391408e+00
  -8.7015218e-01
   1.4877474e+00
  -3.3286491e-01
  -1.4534087e-01
  -4.5134941e-01
  -5.4074676e-01
   1.6821651e+00
  -8.0177950e-01
   1.2839513e+00
  -1.4037974e-01
  -6.8733430e-02
   1.4710030e-01
  -7.3850891e-02
  -1.3276376e+00
  -9.9916773e-01
   4.3502499e-01
  -2.8060221e-01
   1.8367699e-01
   6.7599173e-01
   1.4832156e-01
  -4.3473268e-01
  -8.3362376e-02
   1.3618028e+00
   6.7448146e-01
   8.0319162e-01
   9.0500045e-01
   9.5601384e-01
  -7.6870593e-01
   2.4913242e+00
  -1.5386936e-01
   4.1459462e-02
  -1.5048899e+00
   1.0850124e+00
   5.7204918e-01
   1.9192942e-01
   6.1832651e-01
   8.6576640e-01
   3.5852364e-01
  -2.5292043e+00
  -1.0762737e-01
  -1.6597450e-01
   4.3537085e-01
  -3.0074284e-01
   1.4459471e-01
   9.6596677e-02
  -1.7469987e-01
   6.7510373e-01
   8.4941118e-02
   8.7750503e-01
  -5.9469082e-01
   1.5896471e+00
  -8.5259748e-01
  -2.8857658e-01
  -1.4839392e+00
  -6.4682438e-01
   1.2651552e+00
   4.7322598e-01
  -9.5585595e-01
   5.0604356e-01
  -7.2019438e-01
  -2.1102951e+00
  -5.4138802e-01
   1.9891918e+00
