  -7.4786423e-01
  -6.7843848e-01
  -1.3500676e+00
   1.5247154e+00
  -8.1449036e-01
  -1.2172286e+00
   1.6934063e-02
   2.0070410e-02
  -1.3833563e+00
  -4.7451122e-01
   2.4328553e-01
   1.2867110e+00
  -3.5105826e-01
   9.2196073e-01
  -1.6187853e+00
  -4.0626177e-01
   1.7199500e-01
  -2.4183513e+00
   2.2456949e-01
  -6.2362702e-01
  -1.1116582e+00
   1.1752763e+00
   2.9437930e-01
  -7.5326286e-01
  -3.6824065e-01
  -1.4413532e+00
  -1.0530018e+00
   1.3656061e+00
   2.0058101e+00
   7.5906390e-01
  -7.3699983e-01
   3.4343164e-01
  -5.4261545e-01
  -7.0488568e-01
   9.8831032e-01
   1.9934569e+00
   2.7560834e-01
   9.8280750e-01
  -6.9619097e-01
  -2.6797389e-01
  -3.3880892e-01
   1.3263599e+00
  -4.4756764e-01
   2.3474551e-02
   6.0440290e-01
  -4.2998328e-01
  -9.2807579e-01
  -2.2063489e-01
  -7.1745435e-01
  -5.4361462e-01
   8.7436487e-01
  -1.1147934e-01
   8.2124116e-01
  -1.3621336e+00
  -9.7424374e-02
  -1.2431697e+00
  -1.3219483e-02
  -1.1740634e+00
   3.2166819e-01
   8.3026123e-01
  -4.2721230e-01
   1.6484454e-01
   8.5747769e-01
   6.5507828e-01
   4.6491733e-02
  -1.6557618e+00
  -4.4869763e-01
  -1.9910939e+00
  -3.7507707e-01
   8.8169728e-01
   4.7369777e-01
   2.4266358e+00
  -1.9290231e-01
   7.0747586e-01
   1.0871843e-01
  -9.3745210e-01
   3.1253014e-02
  -5.7013075e-01
  -9.2208876e-01
  -6.0285015e-01
  -2.0052478e-01
   2.6435586e+00
  -5.2887290e-01
  -6.9176170e-01
  -7.2368303e-01
  -1.3245745e-03
   1.1476807e+00
  -1.1609141e+00
  -2.4546418e+00
  -8.5614006e-02
   9.9640598e-01
  -2.4145123e+00
   7.7076271e-01
   1.2506601e+00
   1.7424527e-01
  -1.9596647e+00
   2.0022970e-02
   5.6429277e-01
   8.3191546e-01
   7.0898750e-01
   7.3330896e-01
   1.1254094e+00
  -1.1983760e+00
   1.0344605e+00
  -1.7570608e+00
   5.3415492e-02
   3.2688450e-01
   1.0957041e+00
  -9.7832853e-01
   1.8191031e-01
   1.3351982e+00
   3.9370579e-01
   7.5556825e-01
  -3.1743436e-02
  -5.9536474e-01
   1.0070843e+00
   6.0563831e-01
   1.0884122e+00
  -4.5373999e-01
   5.4717550e-02
   1.0458391e+00
  -1.0649402e+00
   5.6607435e-01
   4.7366424e-01
   1.5525874e+00
   1.9681732e+00
   1.3092373e+00
  -1.1254486e+00
  -1.6364700e+00
  -1.3417701e+00
   7.2468786e-01
  -5.2971202e-01
  -1.0719234e+00
  -1.8815058e-01
  -1.0432608e-01
  -1.3616970e+00
   2.4953706e-02
  -1.0898950e+00
  -8.3546249e-01
   9.0289048e-01
  -5.3522683e-01
  -6.9854643e-01
   1.4999838e+00
   1.0276789e+00
   4.3486120e-01
   3.1186582e-01
  -9.0756870e-01
  -6.8133752e-01
   7.8528865e-01
   6.0228171e-02
  -5.4112166e-01
   2.0707242e+00
  -5.8960893e-01
  -6.6816231e-01
  -4.9466829e-01
  -2.3860530e+00
   5.2319834e-01
   1.0573061e+00
   5.3695772e-01
  -1.2016841e+00
  -1.2441854e+00
   8.7198870e-01
  -6.3854525e-01
   1.1542168e+00
  -1.1341624e+00
   5.3668184e-01
  -9.6348276e-01
  -5.3445281e-01
  -6.7754027e-01
   1.2523491e+00
   8.0070737e-01
   1.9404171e-01
   1.2875770e+00
  -9.5794433e-01
  -1.7154190e+00
   4.3612434e-01
   6.0673329e-02
   6.8095499e-02
  -9.2561057e-01
   7.0795328e-01
   4.9879906e-01
  -1.3223187e+00
  -4.4170044e-02
   1.2088458e+00
  -9.2549057e-02
   2.0257244e+00
   7.1907735e-02
  -2.4647081e-01
  -1.2816853e+00
   2.0759712e-02
   5.9738145e-01
   1.8868348e+00
  -8.1035930e-01
  -2.1022176e-01
   7.7485862e-02
   3.3537999e-01
   4.3010455e-01
   1.4799474e+00
   7.1090851e-01
  -5.5984602e-01
   2.4032091e+00
  -5.5070452e-01
   4.2464246e-01
   1.4922798e+00
   1.5600052e+00
  -1.0088790e+00
  -1.7180024e-01
  -7.7398530e-01
  -1.3938563e-01
  -1.5501267e-01
  -1.2727656e+00
   3.7900010e-01
   4.2020594e-01
  -1.9461213e-01
  -4.4588538e-01
  -3.3821763e-01
  -2.2164967e+00
  -1.1735451e+00
  -9.1076709e-01
   1.5156006e-01
   2.2306490e-01
  -4.1955434e-01
   5.8404549e-01
   2.5233860e-01
   8.5367971e-01
  -3.9610206e-02
   9.4451447e-02
   6.2095057e-01
   3.0636778e-02
   1.0698985e+00
  -6.2200362e-01
   4.5927408e-01
  -1.5004839e-01
   4.3459452e-01
  -8.3596091e-01
   7.9826994e-01
  -2.4072275e+00
  -6.9242569e-01
   2.1642675e+00
   1.6554467e+00
   6.8959864e-02
  -1.0090233e+00
  -5.8307534e-01
  -6.8382124e-01
   5.6091707e-01
   1.6451574e+00
  -1.3551299e-01
  -5.2942306e-02
  -1.5902534e-01
   1.2491739e+00
  -2.7960329e-01
   3.1556620e-01
  -1.0031601e+00
   7.3606756e-01
  -1.2446669e+00
   4.5705647e-01
  -9.3726182e-01
   3.1216772e+00
   2.4965592e-01
  -8.1186996e-01
  -2.0054637e-01
   1.2755168e+00
   1.5694246e-02
  -1.5619598e+00
   8.0512718e-01
  -1.9861234e-01
  -9.4142371e-01
   1.4032347e+00
   1.9681705e-01
  -1.0661892e+00
   1.6529156e+00
   1.1105660e+00
  -1.3145895e+00
   2.2809749e-01
   7.8106469e-01
  -7.5942973e-01
   4.0616852e-01
  -1.2089475e-01
  -2.1325355e-01
  -1.0369866e+00
   1.3459321e+00
   4.8086153e-01
  -4.0482152e-02
   2.0034840e-01
   1.4204342e+00
  -2.2953195e-01
  -6.9030570e-01
   4.0252445e-01
   9.0570140e-01
  -3.8412901e-01
  -1.2835386e+00
  -1.7138999e+00
  -1.1321760e+00
   1.5351322e+00
   9.8974914e-01
  -1.1704476e+00
  -1.8841191e-01
   3.1064420e-01
  -6.6145167e-01
   3.3039482e-01
  -7.1695726e-01
  -1.1121854e+00
  -9.6000907e-01
   6.1209357e-01
  -4.3192613e-01
  -3.8387041e-01
  -3.7188233e-02
  -9.7571363e-01
  -5.3890900e-01
   6.5584056e-01
   9.9357557e-01
  -3.0286091e-02
   2.2978972e-01
  -7.7457636e-01
  -4.8115938e-01
  -4.0645304e-01
   5.2372645e-01
  -2.4769707e-01
   1.1456257e+00
  -1.0216159e+00
   3.0226996e-01
  -6.4605476e-01
   2.6422853e-02
   1.2095867e-01
  -2.1458647e+00
  -2.0796431e-01
  -6.9304486e-01
   1.9678392e+00
   1.0463621e+00
  -1.6533795e-01
  -5.7982882e-01
  -2.1719160e-01
   2.4010067e-01
   1.0212226e+00
  -9.0247873e-02
   8.3927005e-01
  -2.9735274e-01
   1.1550213e+00
  -4.4525596e-01
  -1.1093738e+00
   1.1407570e+00
   9.3306662e-01
  -5.2064815e-01
  -5.8971253e-01
   1.3813775e+00
  -3.0433343e-01
   1.9542518e-01
   1.1588249e+00
   3.2975841e-02
  -9.5516359e-01
  -2.7310560e-01
   1.1577799e+00
  -7.0378523e-01
   1.1411641e+00
  -1.5812815e-01
  -9.6846957e-01
  -8.9269859e-01
   9.0945804e-01
   3.3234123e-01
   2.7075540e-01
  -1.4823312e+00
   1.1943985e+00
  -1.3115854e-01
   4.1605052e-01
   1.3424734e+00
  -1.1638606e+00
   4.2855994e-01
  -1.3293134e+00
  -1.9229195e+00
   1.2900195e+00
   7.6564567e-02
   4.3112886e-01
  -1.0051639e+00
   3.5399899e-01
  -7.8850670e-01
   4.8381810e-01
  -8.6369566e-01
   3.7490767e-01
   2.7223501e+00
   8.3216397e-01
  -4.6904799e-01
  -2.3506805e-01
  -1.5171919e+00
   1.0934207e-01
   1.0577449e+00
   1.1568345e+00
  -6.3554725e-01
   3.6758530e-01
   3.0638658e-01
   5.6086062e-02
  -7.0547399e-01
  -7.2406676e-01
   4.3539370e-03
  -4.1873778e-01
  -4.2779059e-01
   5.3201739e-01
   7.1440869e-01
  -5.5571407e-02
   3.1058261e-01
   1.2481803e+00
  -5.8423584e-01
   3.7062425e-01
   5.0082839e-01
  -2.4446293e-01
  -2.3526083e-01
  -1.9595846e-02
  -7.5554525e-01
   1.4726423e+00
   5.1467620e-03
  -7.6439522e-01
  -3.2285746e-01
   1.4577943e+00
  -1.7848833e+00
   5.2172452e-01
   8.5151181e-01
   7.4530407e-01
  -1.3727669e+00
   1.7920151e+00
  -3.0494347e-01
   2.8986921e-01
  -6.1920210e-01
  -4.8661666e-02
  -1.3717560e+00
  -3.6528725e-01
  -8.0359205e-01
  -2.7330135e-01
   3.4009318e-01
   6.0079896e-02
   9.5157929e-01
   1.0733519e-01
  -2.7268657e+00
  -4.9234824e-01
   1.1178597e+00
   1.0497533e+00
   1.9844143e+00
  -7.4187235e-01
   1.3397665e+00
   1.7058233e-01
   7.0696862e-01
   3.1671778e-01
   4.3206750e-01
   2.2689744e-01
  -4.3988843e-01
  -2.3777821e+00
  -1.2390864e+00
  -1.5459484e+00
  -4.7894162e-01
  -2.4638689e+00
   3.4914308e-01
   9.7130022e-01
  -1.4914094e+00
  -1.2022198e-01
  -5.0987646e-01
  -4.7444092e-01
   8.0087827e-01
  -2.2533462e-01
  -5.7256852e-01
  -1.1011937e+00
   1.0493369e-01
   2.9299227e-01
   1.0629206e-01
   3.5320178e-01
   7.3230410e-01
   1.0279890e+00
  -5.8927386e-01
   8.7842939e-02
   4.5694145e-01
   5.3185677e-02
   3.4309992e-01
  -1.0225447e+00
   6.2415099e-01
  -4.8415682e-01
  -1.7939031e-01
   1.9481646e+00
  -8.2283036e-02
   3.0450473e-01
  -2.4732981e+00
   8.8765629e-01
   1.6040736e+00
  -1.1557963e+00
  -2.2355829e-01
  -7.4201424e-01
  -2.0063736e+00
  -1.3583546e+00
  -4.4083357e-02
   2.1040523e-02
   6.9108153e-01
  -3.4240471e-01
  -3.3312092e-01
   1.5546726e+00
  -7.2944541e-01
  -8.0834383e-01
   5.0562798e-01
   5.5875644e-01
  -3.3789405e-02
   1.8101760e-02
  -6.8140499e-01
   1.2242071e+00
   2.0756135e-01
   7.5266620e-01
   1.1216543e+00
   7.0992291e-01
  -2.0728639e+00
   1.0784942e+00
  -5.3862154e-01
   9.7972638e-02
   1.7032126e-01
  -1.7119631e+00
   1.5188973e+00
   3.0934042e-01
   6.9909026e-01
  -1.3953464e-01
   5.2184106e-01
  -3.3249834e-02
  -2.7115477e-01
   1.0638890e+00
  -6.5588293e-02
  -1.0929661e+00
   5.6818858e-01
  -7.7201946e-01
  -6.1474184e-01
  -5.5048488e-01
   1.1157862e+00
   1.4128467e-01
  -1.1100723e+00
  -3.2547516e-01
   5.9381289e-01
  -1.7859902e-01
  -4.8629096e-01
  -2.1426292e+00
  -1.1954118e+00
  -1.3346884e-02
  -1.8087171e+00
  -4.7846927e-01
  -5.1356791e-01
  -6.8570453e-01
  -9.4152433e-01
   8.4331472e-01
  -1.6925777e+00
   7.2567873e-01
  -2.9749253e-01
  -2.7149749e-01
   6.3104172e-01
   4.9178176e-01
   3.1224403e+00
  -1.3988021e+00
   7.8866234e-01
   1.0953744e+00
   6.8404263e-01
   2.0654464e-01
   6.2315383e-01
  -2.7818408e+00
   7.9120024e-01
   3.7521367e-01
   9.3806488e-01
  -3.3371491e-01
   6.3803936e-02
  -8.0436638e-02
  -1.4728266e+00
   1.6244372e+00
  -2.0498254e+00
   4.3364782e-02
  -7.4901509e-01
   7.4113533e-01
   7.4343009e-02
  -2.1718637e+00
   1.3769233e+00
  -7.5403625e-01
  -1.4435982e+00
  -7.7272788e-01
   6.0410785e-01
  -3.5282337e-01
  -2.7857484e+00
   1.4463973e+00
  -3.3707800e-01
   9.9101411e-01
   1.0841775e+00
   4.6143703e-01
   9.6455704e-02
   1.4293312e+00
  -1.4351278e+00
  -6.5771162e-01
  -1.2864638e+00
  -4.7150154e-01
  -1.4849677e+00
   1.3222677e+00
   1.7077852e-01
   5.3653150e-01
   6.0133746e-01
   1.6857710e+00
  -6.5851419e-01
  -1.3889916e+00
  -1.1166049e+00
   5.4899617e-01
   1.7292770e-01
   2.7965540e-01
   2.2348431e-01
  -2.9774281e-01
  -1.7204687e+00
   1.9875484e-01
   1.6043066e+00
  -1.1845688e+00
   1.0107212e+00
   1.3773946e+00
  -8.4084801e-01
  -2.6610482e-02
   2.6222520e-01
   1.0994831e+00
   1.0953423e+00
   1.2853378e-01
   1.3605963e-01
  -5.4296996e-01
   1.8983353e-01
  -1.7681442e+00
   5.2607630e-01
   2.3039229e+00
   1.1259601e+00
  -1.4910957e+00
   1.2993640e+00
  -1.6641348e+00
   1.2681637e+00
   5.5617663e-02
  -1.4916498e+00
  -1.0986695e+00
   2.0005617e-01
   9.6109125e-01
  -7.7275615e-01
  -1.1263830e+00
  -6.6665417e-01
   7.3842313e-01
   8.9438115e-01
   7.8210339e-02
   1.4508188e+00
  -1.1965580e-01
   6.2590968e-01
  -9.4637070e-01
   2.8119398e-01
   2.3434323e-01
  -4.5680703e-01
  -3.5958167e-01
   6.6130192e-01
   9.0556775e-01
  -1.1704516e+00
  -5.3916881e-01
   1.3764591e+00
   6.0575093e-01
   2.0283693e+00
  -3.5222734e-01
  -1.7656045e-01
  -2.0422814e-01
  -1.5902297e-01
   1.1525175e+00
   1.0359512e+00
   4.0904203e+00
   1.3457453e+00
  -2.1185424e+00
  -6.6413549e-01
   2.7039710e-01
  -7.0795706e-01
  -3.2729906e-01
  -9.0453803e-02
  -4.4546129e-01
  -1.8116238e+00
   2.3864463e-02
  -9.8345917e-01
   3.0076711e-01
  -2.5101284e+00
   1.4375505e-01
  -1.7418991e-01
   3.6401234e-01
  -5.3292082e-01
  -1.0924855e+00
